2025/10/31-23:21:25.035991 7b8 RocksDB version: 10.4.2
2025/10/31-23:21:25.036118 7b8 Git sha 0
2025/10/31-23:21:25.036151 7b8 Compile date 2025-10-31 21:18:42
2025/10/31-23:21:25.036197 7b8 DB SUMMARY
2025/10/31-23:21:25.036230 7b8 Host name (Env):  DESKTOP-712S8LO
2025/10/31-23:21:25.036256 7b8 DB Session ID:  SMFLZR7BFNFNE22AD7OG
2025/10/31-23:21:25.054208 7b8 CURRENT file:  CURRENT
2025/10/31-23:21:25.054253 7b8 IDENTITY file:  IDENTITY
2025/10/31-23:21:25.054328 7b8 MANIFEST file:  MANIFEST-002713 size: 620 Bytes
2025/10/31-23:21:25.054352 7b8 SST files in C:\VCC\themis\data\themis_server dir, Total Num: 4, files: 002586.sst 002655.sst 002662.sst 002675.sst 
2025/10/31-23:21:25.054387 7b8 Write Ahead Log file in C:\VCC\themis\data\themis_server: 000004.log size: 0 ; 000010.log size: 0 ; 000016.log size: 0 ; 000022.log size: 0 ; 000028.log size: 0 ; 000034.log size: 0 ; 000040.log size: 0 ; 000046.log size: 0 ; 000052.log size: 0 ; 000058.log size: 0 ; 000064.log size: 0 ; 000070.log size: 0 ; 000076.log size: 0 ; 000082.log size: 0 ; 000088.log size: 0 ; 000094.log size: 0 ; 000100.log size: 0 ; 000106.log size: 42 ; 000113.log size: 90 ; 000120.log size: 0 ; 000126.log size: 86 ; 000133.log size: 0 ; 000139.log size: 0 ; 000145.log size: 0 ; 000151.log size: 0 ; 000157.log size: 0 ; 000163.log size: 0 ; 000169.log size: 0 ; 000175.log size: 0 ; 000181.log size: 0 ; 000187.log size: 0 ; 000193.log size: 42 ; 000200.log size: 90 ; 000208.log size: 0 ; 000214.log size: 86 ; 000221.log size: 0 ; 000229.log size: 0 ; 000235.log size: 0 ; 000241.log size: 0 ; 000247.log size: 0 ; 000253.log size: 0 ; 000259.log size: 0 ; 000265.log size: 0 ; 000271.log size: 0 ; 000277.log size: 0 ; 000283.log size: 42 ; 000290.log size: 90 ; 000297.log size: 0 ; 000306.log size: 86 ; 000313.log size: 0 ; 000320.log size: 0 ; 000326.log size: 0 ; 000332.log size: 0 ; 000338.log size: 0 ; 000344.log size: 0 ; 000350.log size: 0 ; 000356.log size: 0 ; 000362.log size: 0 ; 000368.log size: 0 ; 000374.log size: 42 ; 000381.log size: 90 ; 000388.log size: 0 ; 000397.log size: 86 ; 000404.log size: 0 ; 000411.log size: 0 ; 000417.log size: 0 ; 000423.log size: 0 ; 000429.log size: 0 ; 000435.log size: 0 ; 000441.log size: 0 ; 000447.log size: 0 ; 000453.log size: 0 ; 000459.log size: 0 ; 000465.log size: 42 ; 000472.log size: 90 ; 000482.log size: 0 ; 000491.log size: 86 ; 000498.log size: 0 ; 000504.log size: 0 ; 000510.log size: 0 ; 000516.log size: 0 ; 000522.log size: 0 ; 000528.log size: 0 ; 000534.log size: 0 ; 000540.log size: 0 ; 000546.log size: 0 ; 000552.log size: 0 ; 000558.log size: 42 ; 000565.log size: 90 ; 000572.log size: 0 ; 000578.log size: 86 ; 000585.log size: 0 ; 000592.log size: 0 ; 000598.log size: 0 ; 000604.log size: 0 ; 000610.log size: 0 ; 000616.log size: 0 ; 000622.log size: 0 ; 000628.log size: 0 ; 000634.log size: 0 ; 000640.log size: 0 ; 000646.log size: 42 ; 000653.log size: 90 ; 000663.log size: 0 ; 000669.log size: 86 ; 000676.log size: 0 ; 000683.log size: 0 ; 000689.log size: 0 ; 000695.log size: 0 ; 000701.log size: 0 ; 000707.log size: 0 ; 000713.log size: 0 ; 000719.log size: 0 ; 000725.log size: 0 ; 000731.log size: 0 ; 000737.log size: 42 ; 000744.log size: 90 ; 000751.log size: 0 ; 000759.log size: 86 ; 000766.log size: 0 ; 000773.log size: 0 ; 000779.log size: 0 ; 000785.log size: 0 ; 000791.log size: 0 ; 000797.log size: 0 ; 000803.log size: 0 ; 000809.log size: 0 ; 000815.log size: 0 ; 000821.log size: 0 ; 000827.log size: 42 ; 000834.log size: 90 ; 000844.log size: 0 ; 000852.log size: 86 ; 000859.log size: 0 ; 000865.log size: 0 ; 000871.log size: 0 ; 000877.log size: 0 ; 000883.log size: 0 ; 000889.log size: 0 ; 000895.log size: 0 ; 000901.log size: 0 ; 000907.log size: 0 ; 000913.log size: 0 ; 000919.log size: 42 ; 000926.log size: 90 ; 000933.log size: 0 ; 000939.log size: 86 ; 000946.log size: 0 ; 000953.log size: 0 ; 000959.log size: 0 ; 000965.log size: 0 ; 000971.log size: 0 ; 000977.log size: 0 ; 000983.log size: 0 ; 000989.log size: 0 ; 000995.log size: 0 ; 001001.log size: 0 ; 001007.log size: 42 ; 001014.log size: 90 ; 001023.log size: 0 ; 001029.log size: 86 ; 001036.log size: 0 ; 001043.log size: 0 ; 001049.log size: 0 ; 001055.log size: 0 ; 001061.log size: 0 ; 001067.log size: 0 ; 001073.log size: 0 ; 001079.log size: 0 ; 001085.log size: 0 ; 001091.log size: 0 ; 001097.log size: 42 ; 001104.log size: 90 ; 001111.log size: 0 ; 001119.log size: 86 ; 001126.log size: 0 ; 001133.log size: 0 ; 001139.log size: 0 ; 001145.log size: 0 ; 001151.log size: 0 ; 001157.log size: 0 ; 001163.log size: 0 ; 001169.log size: 0 ; 001175.log size: 0 ; 001181.log size: 0 ; 001187.log size: 0 ; 001193.log size: 42 ; 001200.log size: 90 ; 001209.log size: 0 ; 001217.log size: 86 ; 001224.log size: 0 ; 001230.log size: 0 ; 001236.log size: 0 ; 001242.log size: 0 ; 001248.log size: 0 ; 001254.log size: 0 ; 001260.log size: 0 ; 001266.log size: 0 ; 001272.log size: 0 ; 001278.log size: 0 ; 001284.log size: 42 ; 001291.log size: 90 ; 001298.log size: 0 ; 001304.log size: 86 ; 001311.log size: 0 ; 001318.log size: 0 ; 001324.log size: 0 ; 001330.log size: 0 ; 001336.log size: 0 ; 001342.log size: 0 ; 001348.log size: 0 ; 001354.log size: 0 ; 001360.log size: 0 ; 001366.log size: 0 ; 001372.log size: 42 ; 001379.log size: 90 ; 001388.log size: 0 ; 001394.log size: 86 ; 001401.log size: 0 ; 001408.log size: 0 ; 001414.log size: 0 ; 001420.log size: 0 ; 001426.log size: 0 ; 001432.log size: 0 ; 001438.log size: 0 ; 001444.log size: 0 ; 001450.log size: 0 ; 001456.log size: 0 ; 001462.log size: 42 ; 001469.log size: 90 ; 001476.log size: 0 ; 001484.log size: 86 ; 001491.log size: 0 ; 001498.log size: 0 ; 001504.log size: 0 ; 001510.log size: 0 ; 001516.log size: 244 ; 001523.log size: 876 ; 001532.log size: 0 ; 001538.log size: 0 ; 001544.log size: 0 ; 001550.log size: 0 ; 001556.log size: 0 ; 001562.log size: 0 ; 001568.log size: 0 ; 001574.log size: 0 ; 001580.log size: 0 ; 001586.log size: 0 ; 001592.log size: 0 ; 001598.log size: 0 ; 001604.log size: 0 ; 001610.log size: 0 ; 001616.log size: 0 ; 001622.log size: 0 ; 001628.log size: 0 ; 001634.log size: 0 ; 001640.log size: 0 ; 001646.log size: 0 ; 001652.log size: 0 ; 001658.log size: 0 ; 001664.log size: 0 ; 001670.log size: 0 ; 001676.log size: 42 ; 001683.log size: 90 ; 001690.log size: 0 ; 001696.log size: 86 ; 001703.log size: 0 ; 001711.log size: 0 ; 001717.log size: 0 ; 001723.log size: 0 ; 001729.log size: 0 ; 001735.log size: 0 ; 001741.log size: 0 ; 001747.log size: 0 ; 001753.log size: 0 ; 001759.log size: 0 ; 001765.log size: 0 ; 001771.log size: 42 ; 001778.log size: 90 ; 001785.log size: 0 ; 001791.log size: 86 ; 001798.log size: 0 ; 001804.log size: 0 ; 001810.log size: 0 ; 001816.log size: 0 ; 001822.log size: 0 ; 001828.log size: 0 ; 001834.log size: 0 ; 001840.log size: 0 ; 001846.log size: 0 ; 001852.log size: 0 ; 001858.log size: 0 ; 001864.log size: 0 ; 001870.log size: 0 ; 001876.log size: 0 ; 001882.log size: 0 ; 001888.log size: 0 ; 001894.log size: 0 ; 001900.log size: 0 ; 001906.log size: 0 ; 001912.log size: 42 ; 001919.log size: 90 ; 001929.log size: 0 ; 001935.log size: 86 ; 001942.log size: 0 ; 001948.log size: 0 ; 001954.log size: 0 ; 001960.log size: 0 ; 001966.log size: 0 ; 001972.log size: 0 ; 001978.log size: 0 ; 001984.log size: 167 ; 001991.log size: 0 ; 001997.log size: 0 ; 002003.log size: 0 ; 002009.log size: 0 ; 002015.log size: 0 ; 002021.log size: 0 ; 002027.log size: 42 ; 002034.log size: 90 ; 002043.log size: 0 ; 002051.log size: 86 ; 002058.log size: 0 ; 002064.log size: 0 ; 002070.log size: 0 ; 002076.log size: 0 ; 002082.log size: 0 ; 002088.log size: 0 ; 002094.log size: 0 ; 002100.log size: 839 ; 002107.log size: 1133 ; 002114.log size: 775 ; 002121.log size: 0 ; 002129.log size: 0 ; 002135.log size: 0 ; 002141.log size: 0 ; 002147.log size: 0 ; 002153.log size: 0 ; 002159.log size: 0 ; 002165.log size: 448 ; 002172.log size: 0 ; 002178.log size: 0 ; 002184.log size: 0 ; 002190.log size: 0 ; 002196.log size: 3322 ; 002203.log size: 0 ; 002209.log size: 0 ; 002215.log size: 0 ; 002221.log size: 0 ; 002227.log size: 0 ; 002233.log size: 0 ; 002239.log size: 0 ; 002245.log size: 42 ; 002252.log size: 90 ; 002259.log size: 0 ; 002267.log size: 86 ; 002274.log size: 0 ; 002282.log size: 0 ; 002288.log size: 0 ; 002294.log size: 0 ; 002300.log size: 1338 ; 002307.log size: 1445 ; 002314.log size: 2001 ; 002321.log size: 0 ; 002327.log size: 0 ; 002333.log size: 0 ; 002339.log size: 0 ; 002345.log size: 0 ; 002351.log size: 0 ; 002357.log size: 0 ; 002363.log size: 42 ; 002370.log size: 90 ; 002380.log size: 0 ; 002386.log size: 86 ; 002393.log size: 0 ; 002399.log size: 0 ; 002405.log size: 0 ; 002411.log size: 0 ; 002417.log size: 0 ; 002423.log size: 0 ; 002429.log size: 0 ; 002435.log size: 0 ; 002441.log size: 0 ; 002447.log size: 0 ; 002453.log size: 0 ; 002459.log size: 42 ; 002466.log size: 90 ; 002473.log size: 0 ; 002481.log size: 86 ; 002488.log size: 0 ; 002494.log size: 0 ; 002500.log size: 0 ; 002506.log size: 0 ; 002512.log size: 0 ; 002518.log size: 0 ; 002524.log size: 0 ; 002530.log size: 0 ; 002536.log size: 0 ; 002542.log size: 0 ; 002548.log size: 0 ; 002554.log size: 42 ; 002561.log size: 90 ; 002568.log size: 0 ; 002574.log size: 86 ; 002581.log size: 0 ; 002589.log size: 0 ; 002595.log size: 0 ; 002601.log size: 0 ; 002607.log size: 0 ; 002613.log size: 0 ; 002619.log size: 0 ; 002625.log size: 0 ; 002631.log size: 0 ; 002637.log size: 0 ; 002643.log size: 0 ; 002649.log size: 42 ; 002656.log size: 90 ; 002663.log size: 0 ; 002669.log size: 86 ; 002676.log size: 0 ; 002682.log size: 0 ; 002688.log size: 0 ; 002694.log size: 0 ; 002700.log size: 0 ; 002706.log size: 0 ; 002712.log size: 0 ; 
2025/10/31-23:21:25.054635 7b8                         Options.error_if_exists: 0
2025/10/31-23:21:25.054655 7b8                       Options.create_if_missing: 1
2025/10/31-23:21:25.054663 7b8                         Options.paranoid_checks: 1
2025/10/31-23:21:25.054670 7b8             Options.flush_verify_memtable_count: 1
2025/10/31-23:21:25.054676 7b8          Options.compaction_verify_record_count: 1
2025/10/31-23:21:25.054682 7b8                               Options.track_and_verify_wals_in_manifest: 0
2025/10/31-23:21:25.054688 7b8                               Options.track_and_verify_wals: 0
2025/10/31-23:21:25.054694 7b8        Options.verify_sst_unique_id_in_manifest: 1
2025/10/31-23:21:25.054700 7b8                                     Options.env: 000001D86A389E10
2025/10/31-23:21:25.054723 7b8                                      Options.fs: WinFS
2025/10/31-23:21:25.054730 7b8                                Options.info_log: 000001D86A43C2B0
2025/10/31-23:21:25.054737 7b8                Options.max_file_opening_threads: 16
2025/10/31-23:21:25.054743 7b8                              Options.statistics: 000001D86A383220
2025/10/31-23:21:25.054749 7b8                              Options.statistics stats level: 1
2025/10/31-23:21:25.054755 7b8                               Options.use_fsync: 0
2025/10/31-23:21:25.054761 7b8                       Options.max_log_file_size: 0
2025/10/31-23:21:25.054768 7b8                  Options.max_manifest_file_size: 1073741824
2025/10/31-23:21:25.054774 7b8                   Options.log_file_time_to_roll: 0
2025/10/31-23:21:25.054780 7b8                       Options.keep_log_file_num: 1000
2025/10/31-23:21:25.054787 7b8                    Options.recycle_log_file_num: 0
2025/10/31-23:21:25.054794 7b8                         Options.allow_fallocate: 1
2025/10/31-23:21:25.054800 7b8                        Options.allow_mmap_reads: 0
2025/10/31-23:21:25.054806 7b8                       Options.allow_mmap_writes: 0
2025/10/31-23:21:25.054812 7b8                        Options.use_direct_reads: 0
2025/10/31-23:21:25.054818 7b8                        Options.use_direct_io_for_flush_and_compaction: 0
2025/10/31-23:21:25.054825 7b8          Options.create_missing_column_families: 0
2025/10/31-23:21:25.054832 7b8                              Options.db_log_dir: 
2025/10/31-23:21:25.054839 7b8                                 Options.wal_dir: 
2025/10/31-23:21:25.054846 7b8                Options.table_cache_numshardbits: 6
2025/10/31-23:21:25.054892 7b8                         Options.WAL_ttl_seconds: 0
2025/10/31-23:21:25.054901 7b8                       Options.WAL_size_limit_MB: 0
2025/10/31-23:21:25.054908 7b8                        Options.max_write_batch_group_size_bytes: 1048576
2025/10/31-23:21:25.054913 7b8             Options.manifest_preallocation_size: 4194304
2025/10/31-23:21:25.054920 7b8                     Options.is_fd_close_on_exec: 1
2025/10/31-23:21:25.054926 7b8                   Options.advise_random_on_open: 1
2025/10/31-23:21:25.054933 7b8                    Options.db_write_buffer_size: 0
2025/10/31-23:21:25.054939 7b8                    Options.write_buffer_manager: 000001D86A3894B0
2025/10/31-23:21:25.054946 7b8                      Options.use_adaptive_mutex: 0
2025/10/31-23:21:25.054952 7b8                            Options.rate_limiter: 0000000000000000
2025/10/31-23:21:25.054961 7b8     Options.sst_file_manager.rate_bytes_per_sec: 0
2025/10/31-23:21:25.054967 7b8                       Options.wal_recovery_mode: 2
2025/10/31-23:21:25.054974 7b8                  Options.enable_thread_tracking: 0
2025/10/31-23:21:25.054981 7b8                  Options.enable_pipelined_write: 0
2025/10/31-23:21:25.054987 7b8                  Options.unordered_write: 0
2025/10/31-23:21:25.054993 7b8         Options.allow_concurrent_memtable_write: 1
2025/10/31-23:21:25.054999 7b8      Options.enable_write_thread_adaptive_yield: 1
2025/10/31-23:21:25.055004 7b8             Options.write_thread_max_yield_usec: 100
2025/10/31-23:21:25.055010 7b8            Options.write_thread_slow_yield_usec: 3
2025/10/31-23:21:25.055016 7b8                               Options.row_cache: None
2025/10/31-23:21:25.055023 7b8                              Options.wal_filter: None
2025/10/31-23:21:25.055046 7b8             Options.avoid_flush_during_recovery: 0
2025/10/31-23:21:25.055053 7b8             Options.allow_ingest_behind: 0
2025/10/31-23:21:25.055059 7b8             Options.two_write_queues: 0
2025/10/31-23:21:25.055064 7b8             Options.manual_wal_flush: 0
2025/10/31-23:21:25.055070 7b8             Options.wal_compression: 0
2025/10/31-23:21:25.055076 7b8             Options.background_close_inactive_wals: 0
2025/10/31-23:21:25.055081 7b8             Options.atomic_flush: 0
2025/10/31-23:21:25.055088 7b8             Options.avoid_unnecessary_blocking_io: 0
2025/10/31-23:21:25.055094 7b8             Options.prefix_seek_opt_in_only: 0
2025/10/31-23:21:25.055100 7b8                 Options.persist_stats_to_disk: 0
2025/10/31-23:21:25.055106 7b8                 Options.write_dbid_to_manifest: 1
2025/10/31-23:21:25.055112 7b8                 Options.write_identity_file: 1
2025/10/31-23:21:25.055118 7b8                 Options.log_readahead_size: 0
2025/10/31-23:21:25.055124 7b8                 Options.file_checksum_gen_factory: Unknown
2025/10/31-23:21:25.055130 7b8                 Options.best_efforts_recovery: 0
2025/10/31-23:21:25.055137 7b8                Options.max_bgerror_resume_count: 2147483647
2025/10/31-23:21:25.055143 7b8            Options.bgerror_resume_retry_interval: 1000000
2025/10/31-23:21:25.055149 7b8             Options.allow_data_in_errors: 0
2025/10/31-23:21:25.055155 7b8             Options.db_host_id: __hostname__
2025/10/31-23:21:25.055161 7b8             Options.enforce_single_del_contracts: true
2025/10/31-23:21:25.055167 7b8             Options.metadata_write_temperature: kUnknown
2025/10/31-23:21:25.055173 7b8             Options.wal_write_temperature: kUnknown
2025/10/31-23:21:25.055179 7b8             Options.max_background_jobs: 4
2025/10/31-23:21:25.055186 7b8             Options.max_background_compactions: -1
2025/10/31-23:21:25.055193 7b8             Options.max_subcompactions: 1
2025/10/31-23:21:25.055199 7b8             Options.avoid_flush_during_shutdown: 0
2025/10/31-23:21:25.055205 7b8           Options.writable_file_max_buffer_size: 1048576
2025/10/31-23:21:25.055210 7b8             Options.delayed_write_rate : 16777216
2025/10/31-23:21:25.055216 7b8             Options.max_total_wal_size: 0
2025/10/31-23:21:25.055224 7b8             Options.delete_obsolete_files_period_micros: 21600000000
2025/10/31-23:21:25.055231 7b8                   Options.stats_dump_period_sec: 600
2025/10/31-23:21:25.055238 7b8                 Options.stats_persist_period_sec: 600
2025/10/31-23:21:25.055244 7b8                 Options.stats_history_buffer_size: 1048576
2025/10/31-23:21:25.055251 7b8                          Options.max_open_files: -1
2025/10/31-23:21:25.055257 7b8                          Options.bytes_per_sync: 0
2025/10/31-23:21:25.055263 7b8                      Options.wal_bytes_per_sync: 0
2025/10/31-23:21:25.055269 7b8                   Options.strict_bytes_per_sync: 0
2025/10/31-23:21:25.055275 7b8       Options.compaction_readahead_size: 2097152
2025/10/31-23:21:25.055281 7b8                  Options.max_background_flushes: -1
2025/10/31-23:21:25.055287 7b8 Options.daily_offpeak_time_utc: 
2025/10/31-23:21:25.055294 7b8 Compression algorithms supported:
2025/10/31-23:21:25.055302 7b8 	kZSTD supported: 1
2025/10/31-23:21:25.055308 7b8 	kCustomCompressionA3 supported: 0
2025/10/31-23:21:25.055314 7b8 	kSnappyCompression supported: 0
2025/10/31-23:21:25.055320 7b8 	kCustomCompressionA5 supported: 0
2025/10/31-23:21:25.055326 7b8 	kBZip2Compression supported: 0
2025/10/31-23:21:25.055332 7b8 	kZlibCompression supported: 1
2025/10/31-23:21:25.055339 7b8 	kLZ4Compression supported: 1
2025/10/31-23:21:25.055345 7b8 	kXpressCompression supported: 0
2025/10/31-23:21:25.055351 7b8 	kCustomCompressionA7 supported: 0
2025/10/31-23:21:25.055358 7b8 	kLZ4HCCompression supported: 1
2025/10/31-23:21:25.055364 7b8 	kCustomCompressionB2 supported: 0
2025/10/31-23:21:25.055370 7b8 	kCustomCompression9C supported: 0
2025/10/31-23:21:25.055376 7b8 	kCustomCompression80 supported: 0
2025/10/31-23:21:25.055383 7b8 	kCustomCompressionB3 supported: 0
2025/10/31-23:21:25.055390 7b8 	kCustomCompression9B supported: 0
2025/10/31-23:21:25.055396 7b8 	kCustomCompression81 supported: 0
2025/10/31-23:21:25.055402 7b8 	kCustomCompressionB0 supported: 0
2025/10/31-23:21:25.055408 7b8 	kCustomCompression9A supported: 0
2025/10/31-23:21:25.055414 7b8 	kCustomCompression82 supported: 0
2025/10/31-23:21:25.055420 7b8 	kCustomCompressionB1 supported: 0
2025/10/31-23:21:25.055430 7b8 	kCustomCompression83 supported: 0
2025/10/31-23:21:25.055441 7b8 	kCustomCompressionB6 supported: 0
2025/10/31-23:21:25.055452 7b8 	kCustomCompression84 supported: 0
2025/10/31-23:21:25.055462 7b8 	kCustomCompressionB7 supported: 0
2025/10/31-23:21:25.055472 7b8 	kCustomCompression9F supported: 0
2025/10/31-23:21:25.055501 7b8 	kCustomCompression85 supported: 0
2025/10/31-23:21:25.055527 7b8 	kCustomCompressionB4 supported: 0
2025/10/31-23:21:25.055534 7b8 	kCustomCompression9E supported: 0
2025/10/31-23:21:25.055540 7b8 	kCustomCompression86 supported: 0
2025/10/31-23:21:25.055547 7b8 	kCustomCompressionB5 supported: 0
2025/10/31-23:21:25.055554 7b8 	kCustomCompression9D supported: 0
2025/10/31-23:21:25.055578 7b8 	kCustomCompression87 supported: 0
2025/10/31-23:21:25.055585 7b8 	kCustomCompression88 supported: 0
2025/10/31-23:21:25.055608 7b8 	kCustomCompression89 supported: 0
2025/10/31-23:21:25.055614 7b8 	kCustomCompression92 supported: 0
2025/10/31-23:21:25.055641 7b8 	kCustomCompression8A supported: 0
2025/10/31-23:21:25.055647 7b8 	kCustomCompression91 supported: 0
2025/10/31-23:21:25.055654 7b8 	kCustomCompression8B supported: 0
2025/10/31-23:21:25.055661 7b8 	kCustomCompression90 supported: 0
2025/10/31-23:21:25.055668 7b8 	kCustomCompression8C supported: 0
2025/10/31-23:21:25.055675 7b8 	kCustomCompression97 supported: 0
2025/10/31-23:21:25.055681 7b8 	kCustomCompression8D supported: 0
2025/10/31-23:21:25.055687 7b8 	kCustomCompression96 supported: 0
2025/10/31-23:21:25.055693 7b8 	kCustomCompression8E supported: 0
2025/10/31-23:21:25.055699 7b8 	kCustomCompression95 supported: 0
2025/10/31-23:21:25.055707 7b8 	kCustomCompression8F supported: 0
2025/10/31-23:21:25.055713 7b8 	kCustomCompression93 supported: 0
2025/10/31-23:21:25.055720 7b8 	kCustomCompression94 supported: 0
2025/10/31-23:21:25.055728 7b8 	kCustomCompression98 supported: 0
2025/10/31-23:21:25.055736 7b8 	kCustomCompression99 supported: 0
2025/10/31-23:21:25.055742 7b8 	kCustomCompressionA0 supported: 0
2025/10/31-23:21:25.055748 7b8 	kCustomCompressionA1 supported: 0
2025/10/31-23:21:25.055755 7b8 	kCustomCompressionA2 supported: 0
2025/10/31-23:21:25.055762 7b8 	kCustomCompressionA4 supported: 0
2025/10/31-23:21:25.055769 7b8 	kCustomCompressionA6 supported: 0
2025/10/31-23:21:25.055776 7b8 	kCustomCompressionA8 supported: 0
2025/10/31-23:21:25.055800 7b8 	kCustomCompressionA9 supported: 0
2025/10/31-23:21:25.055806 7b8 	kCustomCompressionAA supported: 0
2025/10/31-23:21:25.055812 7b8 	kCustomCompressionAB supported: 0
2025/10/31-23:21:25.055818 7b8 	kCustomCompressionAC supported: 0
2025/10/31-23:21:25.055824 7b8 	kCustomCompressionAD supported: 0
2025/10/31-23:21:25.055831 7b8 	kCustomCompressionAE supported: 0
2025/10/31-23:21:25.055838 7b8 	kCustomCompressionAF supported: 0
2025/10/31-23:21:25.055845 7b8 	kCustomCompressionB8 supported: 0
2025/10/31-23:21:25.055851 7b8 	kCustomCompressionB9 supported: 0
2025/10/31-23:21:25.055857 7b8 	kCustomCompressionBA supported: 0
2025/10/31-23:21:25.055863 7b8 	kCustomCompressionBB supported: 0
2025/10/31-23:21:25.055888 7b8 	kCustomCompressionBC supported: 0
2025/10/31-23:21:25.055894 7b8 	kCustomCompressionBD supported: 0
2025/10/31-23:21:25.055901 7b8 	kCustomCompressionBE supported: 0
2025/10/31-23:21:25.055908 7b8 	kCustomCompressionBF supported: 0
2025/10/31-23:21:25.055915 7b8 	kCustomCompressionC0 supported: 0
2025/10/31-23:21:25.055921 7b8 	kCustomCompressionC1 supported: 0
2025/10/31-23:21:25.055927 7b8 	kCustomCompressionC2 supported: 0
2025/10/31-23:21:25.055934 7b8 	kCustomCompressionC3 supported: 0
2025/10/31-23:21:25.055940 7b8 	kCustomCompressionC4 supported: 0
2025/10/31-23:21:25.055946 7b8 	kCustomCompressionC5 supported: 0
2025/10/31-23:21:25.055970 7b8 	kCustomCompressionC6 supported: 0
2025/10/31-23:21:25.055977 7b8 	kCustomCompressionC7 supported: 0
2025/10/31-23:21:25.055983 7b8 	kCustomCompressionC8 supported: 0
2025/10/31-23:21:25.055989 7b8 	kCustomCompressionC9 supported: 0
2025/10/31-23:21:25.055996 7b8 	kCustomCompressionCA supported: 0
2025/10/31-23:21:25.056002 7b8 	kCustomCompressionCB supported: 0
2025/10/31-23:21:25.056008 7b8 	kCustomCompressionCC supported: 0
2025/10/31-23:21:25.056014 7b8 	kCustomCompressionCD supported: 0
2025/10/31-23:21:25.056040 7b8 	kCustomCompressionCE supported: 0
2025/10/31-23:21:25.056047 7b8 	kCustomCompressionCF supported: 0
2025/10/31-23:21:25.056054 7b8 	kCustomCompressionD0 supported: 0
2025/10/31-23:21:25.056061 7b8 	kCustomCompressionD1 supported: 0
2025/10/31-23:21:25.056067 7b8 	kCustomCompressionD2 supported: 0
2025/10/31-23:21:25.056074 7b8 	kCustomCompressionD3 supported: 0
2025/10/31-23:21:25.056080 7b8 	kCustomCompressionD4 supported: 0
2025/10/31-23:21:25.056086 7b8 	kCustomCompressionD5 supported: 0
2025/10/31-23:21:25.056110 7b8 	kCustomCompressionD6 supported: 0
2025/10/31-23:21:25.056117 7b8 	kCustomCompressionD7 supported: 0
2025/10/31-23:21:25.056123 7b8 	kCustomCompressionD8 supported: 0
2025/10/31-23:21:25.056129 7b8 	kCustomCompressionD9 supported: 0
2025/10/31-23:21:25.056135 7b8 	kCustomCompressionDA supported: 0
2025/10/31-23:21:25.056323 7b8 	kCustomCompressionDB supported: 0
2025/10/31-23:21:25.056330 7b8 	kCustomCompressionDC supported: 0
2025/10/31-23:21:25.056338 7b8 	kCustomCompressionDD supported: 0
2025/10/31-23:21:25.056345 7b8 	kCustomCompressionDE supported: 0
2025/10/31-23:21:25.056352 7b8 	kCustomCompressionDF supported: 0
2025/10/31-23:21:25.056358 7b8 	kCustomCompressionE0 supported: 0
2025/10/31-23:21:25.056365 7b8 	kCustomCompressionE1 supported: 0
2025/10/31-23:21:25.056371 7b8 	kCustomCompressionE2 supported: 0
2025/10/31-23:21:25.056378 7b8 	kCustomCompressionE3 supported: 0
2025/10/31-23:21:25.056388 7b8 	kCustomCompressionE4 supported: 0
2025/10/31-23:21:25.056399 7b8 	kCustomCompressionE5 supported: 0
2025/10/31-23:21:25.056409 7b8 	kCustomCompressionE6 supported: 0
2025/10/31-23:21:25.056450 7b8 	kCustomCompressionE7 supported: 0
2025/10/31-23:21:25.056465 7b8 	kCustomCompressionE8 supported: 0
2025/10/31-23:21:25.056493 7b8 	kCustomCompressionE9 supported: 0
2025/10/31-23:21:25.056500 7b8 	kCustomCompressionEA supported: 0
2025/10/31-23:21:25.056507 7b8 	kCustomCompressionEB supported: 0
2025/10/31-23:21:25.056513 7b8 	kCustomCompressionEC supported: 0
2025/10/31-23:21:25.056521 7b8 	kCustomCompressionED supported: 0
2025/10/31-23:21:25.056528 7b8 	kCustomCompressionEE supported: 0
2025/10/31-23:21:25.056535 7b8 	kCustomCompressionEF supported: 0
2025/10/31-23:21:25.056542 7b8 	kCustomCompressionF0 supported: 0
2025/10/31-23:21:25.056549 7b8 	kCustomCompressionF1 supported: 0
2025/10/31-23:21:25.056555 7b8 	kCustomCompressionF2 supported: 0
2025/10/31-23:21:25.056562 7b8 	kCustomCompressionF3 supported: 0
2025/10/31-23:21:25.056568 7b8 	kCustomCompressionF4 supported: 0
2025/10/31-23:21:25.056576 7b8 	kCustomCompressionF5 supported: 0
2025/10/31-23:21:25.056583 7b8 	kCustomCompressionF6 supported: 0
2025/10/31-23:21:25.056590 7b8 	kCustomCompressionF7 supported: 0
2025/10/31-23:21:25.056597 7b8 	kCustomCompressionF8 supported: 0
2025/10/31-23:21:25.056603 7b8 	kCustomCompressionF9 supported: 0
2025/10/31-23:21:25.056610 7b8 	kCustomCompressionFA supported: 0
2025/10/31-23:21:25.056617 7b8 	kCustomCompressionFB supported: 0
2025/10/31-23:21:25.056623 7b8 	kCustomCompressionFC supported: 0
2025/10/31-23:21:25.056630 7b8 	kCustomCompressionFD supported: 0
2025/10/31-23:21:25.056637 7b8 	kCustomCompressionFE supported: 0
2025/10/31-23:21:25.056650 7b8 Fast CRC32 supported: Not supported on x86
2025/10/31-23:21:25.056658 7b8 DMutex implementation: std::mutex
2025/10/31-23:21:25.056665 7b8 Jemalloc supported: 0
2025/10/31-23:21:25.057516 7b8 [db\version_set.cc:6116] Recovering from manifest file: C:\VCC\themis\data\themis_server/MANIFEST-002713
2025/10/31-23:21:25.059523 7b8 [db\column_family.cc:692] --------------- Options for column family [default]:
2025/10/31-23:21:25.059551 7b8               Options.comparator: leveldb.BytewiseComparator
2025/10/31-23:21:25.059560 7b8           Options.merge_operator: None
2025/10/31-23:21:25.059567 7b8        Options.compaction_filter: None
2025/10/31-23:21:25.059575 7b8        Options.compaction_filter_factory: None
2025/10/31-23:21:25.059581 7b8  Options.sst_partitioner_factory: None
2025/10/31-23:21:25.059588 7b8         Options.memtable_factory: SkipListFactory
2025/10/31-23:21:25.059594 7b8            Options.table_factory: BlockBasedTable
2025/10/31-23:21:25.059633 7b8            table_factory options:   flush_block_policy_factory: FlushBlockBySizePolicyFactory (000001D86A42FA80)
  cache_index_and_filter_blocks: 1
  cache_index_and_filter_blocks_with_high_priority: 1
  pin_l0_filter_and_index_blocks_in_cache: 1
  pin_top_level_index_and_filter: 1
  index_type: 0
  data_block_index_type: 0
  index_shortening: 1
  data_block_hash_table_util_ratio: 0.750000
  checksum: 4
  no_block_cache: 0
  block_cache: 000001D86A443560
  block_cache_name: LRUCache
  block_cache_options:
    capacity : 1073741824
    num_shard_bits : 6
    strict_capacity_limit : 0
    memory_allocator : None
    high_pri_pool_ratio: 0.500
    low_pri_pool_ratio: 0.000
  persistent_cache: 0000000000000000
  block_size: 4096
  block_size_deviation: 10
  block_restart_interval: 16
  index_block_restart_interval: 1
  metadata_block_size: 4096
  partition_filters: 0
  use_delta_encoding: 1
  filter_policy: bloomfilter
  whole_key_filtering: 1
  verify_compression: 0
  read_amp_bytes_per_bit: 0
  format_version: 6
  enable_index_compression: 1
  block_align: 0
  max_auto_readahead_size: 262144
  prepopulate_block_cache: 0
  initial_auto_readahead_size: 8192
  num_file_reads_for_auto_readahead: 2
2025/10/31-23:21:25.059644 7b8        Options.write_buffer_size: 268435456
2025/10/31-23:21:25.059652 7b8  Options.max_write_buffer_number: 3
2025/10/31-23:21:25.059659 7b8          Options.compression: LZ4
2025/10/31-23:21:25.059665 7b8                  Options.bottommost_compression: ZSTD
2025/10/31-23:21:25.059722 7b8       Options.prefix_extractor: nullptr
2025/10/31-23:21:25.059733 7b8   Options.memtable_insert_with_hint_prefix_extractor: nullptr
2025/10/31-23:21:25.059740 7b8             Options.num_levels: 7
2025/10/31-23:21:25.059746 7b8        Options.min_write_buffer_number_to_merge: 1
2025/10/31-23:21:25.059752 7b8     Options.max_write_buffer_size_to_maintain: 805306368
2025/10/31-23:21:25.059758 7b8            Options.bottommost_compression_opts.window_bits: -14
2025/10/31-23:21:25.059763 7b8                  Options.bottommost_compression_opts.level: 32767
2025/10/31-23:21:25.059770 7b8               Options.bottommost_compression_opts.strategy: 0
2025/10/31-23:21:25.059776 7b8         Options.bottommost_compression_opts.max_dict_bytes: 0
2025/10/31-23:21:25.059783 7b8         Options.bottommost_compression_opts.zstd_max_train_bytes: 0
2025/10/31-23:21:25.059790 7b8         Options.bottommost_compression_opts.parallel_threads: 1
2025/10/31-23:21:25.059796 7b8                  Options.bottommost_compression_opts.enabled: false
2025/10/31-23:21:25.059802 7b8         Options.bottommost_compression_opts.max_dict_buffer_bytes: 0
2025/10/31-23:21:25.059824 7b8         Options.bottommost_compression_opts.use_zstd_dict_trainer: true
2025/10/31-23:21:25.059830 7b8            Options.compression_opts.window_bits: -14
2025/10/31-23:21:25.059855 7b8                  Options.compression_opts.level: 32767
2025/10/31-23:21:25.059862 7b8               Options.compression_opts.strategy: 0
2025/10/31-23:21:25.059869 7b8         Options.compression_opts.max_dict_bytes: 0
2025/10/31-23:21:25.059875 7b8         Options.compression_opts.zstd_max_train_bytes: 0
2025/10/31-23:21:25.059881 7b8         Options.compression_opts.use_zstd_dict_trainer: true
2025/10/31-23:21:25.059887 7b8         Options.compression_opts.parallel_threads: 1
2025/10/31-23:21:25.059893 7b8                  Options.compression_opts.enabled: false
2025/10/31-23:21:25.059915 7b8         Options.compression_opts.max_dict_buffer_bytes: 0
2025/10/31-23:21:25.059921 7b8      Options.level0_file_num_compaction_trigger: 4
2025/10/31-23:21:25.059928 7b8          Options.level0_slowdown_writes_trigger: 20
2025/10/31-23:21:25.059934 7b8              Options.level0_stop_writes_trigger: 36
2025/10/31-23:21:25.059941 7b8                   Options.target_file_size_base: 67108864
2025/10/31-23:21:25.059947 7b8             Options.target_file_size_multiplier: 1
2025/10/31-23:21:25.059953 7b8                Options.max_bytes_for_level_base: 268435456
2025/10/31-23:21:25.059958 7b8 Options.level_compaction_dynamic_level_bytes: 1
2025/10/31-23:21:25.059964 7b8          Options.max_bytes_for_level_multiplier: 10.000000
2025/10/31-23:21:25.059971 7b8 Options.max_bytes_for_level_multiplier_addtl[0]: 1
2025/10/31-23:21:25.059978 7b8 Options.max_bytes_for_level_multiplier_addtl[1]: 1
2025/10/31-23:21:25.059985 7b8 Options.max_bytes_for_level_multiplier_addtl[2]: 1
2025/10/31-23:21:25.059991 7b8 Options.max_bytes_for_level_multiplier_addtl[3]: 1
2025/10/31-23:21:25.059997 7b8 Options.max_bytes_for_level_multiplier_addtl[4]: 1
2025/10/31-23:21:25.060003 7b8 Options.max_bytes_for_level_multiplier_addtl[5]: 1
2025/10/31-23:21:25.060008 7b8 Options.max_bytes_for_level_multiplier_addtl[6]: 1
2025/10/31-23:21:25.060014 7b8       Options.max_sequential_skip_in_iterations: 8
2025/10/31-23:21:25.060020 7b8          Options.memtable_op_scan_flush_trigger: 0
2025/10/31-23:21:25.060026 7b8      Options.memtable_avg_op_scan_flush_trigger: 0
2025/10/31-23:21:25.060033 7b8                    Options.max_compaction_bytes: 1677721600
2025/10/31-23:21:25.060041 7b8                        Options.arena_block_size: 1048576
2025/10/31-23:21:25.060048 7b8   Options.soft_pending_compaction_bytes_limit: 68719476736
2025/10/31-23:21:25.060054 7b8   Options.hard_pending_compaction_bytes_limit: 274877906944
2025/10/31-23:21:25.060060 7b8                Options.disable_auto_compactions: 1
2025/10/31-23:21:25.060067 7b8                        Options.compaction_style: kCompactionStyleLevel
2025/10/31-23:21:25.060095 7b8                          Options.compaction_pri: kMinOverlappingRatio
2025/10/31-23:21:25.060105 7b8 Options.compaction_options_universal.size_ratio: 1
2025/10/31-23:21:25.060111 7b8 Options.compaction_options_universal.min_merge_width: 2
2025/10/31-23:21:25.060118 7b8 Options.compaction_options_universal.max_merge_width: 4294967295
2025/10/31-23:21:25.060124 7b8 Options.compaction_options_universal.max_size_amplification_percent: 200
2025/10/31-23:21:25.060129 7b8 Options.compaction_options_universal.compression_size_percent: -1
2025/10/31-23:21:25.060135 7b8 Options.compaction_options_universal.stop_style: kCompactionStopStyleTotalSize
2025/10/31-23:21:25.060142 7b8 Options.compaction_options_universal.max_read_amp: -1
2025/10/31-23:21:25.060148 7b8 Options.compaction_options_universal.reduce_file_locking: 0
2025/10/31-23:21:25.060155 7b8 Options.compaction_options_fifo.max_table_files_size: 1073741824
2025/10/31-23:21:25.060161 7b8 Options.compaction_options_fifo.allow_compaction: 0
2025/10/31-23:21:25.060170 7b8                   Options.table_properties_collectors: 
2025/10/31-23:21:25.060177 7b8                   Options.inplace_update_support: 0
2025/10/31-23:21:25.060183 7b8                 Options.inplace_update_num_locks: 10000
2025/10/31-23:21:25.060189 7b8               Options.memtable_prefix_bloom_size_ratio: 0.000000
2025/10/31-23:21:25.060196 7b8               Options.memtable_whole_key_filtering: 0
2025/10/31-23:21:25.060202 7b8   Options.memtable_huge_page_size: 0
2025/10/31-23:21:25.060209 7b8                           Options.bloom_locality: 0
2025/10/31-23:21:25.060215 7b8                    Options.max_successive_merges: 0
2025/10/31-23:21:25.060221 7b8             Options.strict_max_successive_merges: 0
2025/10/31-23:21:25.060227 7b8                Options.optimize_filters_for_hits: 0
2025/10/31-23:21:25.060233 7b8                Options.paranoid_file_checks: 0
2025/10/31-23:21:25.060239 7b8                Options.force_consistency_checks: 1
2025/10/31-23:21:25.060245 7b8                Options.report_bg_io_stats: 0
2025/10/31-23:21:25.060251 7b8                Options.disallow_memtable_writes: 0
2025/10/31-23:21:25.060258 7b8                               Options.ttl: 2592000
2025/10/31-23:21:25.060263 7b8          Options.periodic_compaction_seconds: 0
2025/10/31-23:21:25.060269 7b8                        Options.default_temperature: kUnknown
2025/10/31-23:21:25.060275 7b8  Options.preclude_last_level_data_seconds: 0
2025/10/31-23:21:25.060281 7b8    Options.preserve_internal_time_seconds: 0
2025/10/31-23:21:25.060287 7b8                       Options.enable_blob_files: false
2025/10/31-23:21:25.060293 7b8                           Options.min_blob_size: 0
2025/10/31-23:21:25.060300 7b8                          Options.blob_file_size: 268435456
2025/10/31-23:21:25.060307 7b8                   Options.blob_compression_type: NoCompression
2025/10/31-23:21:25.060314 7b8          Options.enable_blob_garbage_collection: false
2025/10/31-23:21:25.060320 7b8      Options.blob_garbage_collection_age_cutoff: 0.250000
2025/10/31-23:21:25.060327 7b8 Options.blob_garbage_collection_force_threshold: 1.000000
2025/10/31-23:21:25.060333 7b8          Options.blob_compaction_readahead_size: 0
2025/10/31-23:21:25.060339 7b8                Options.blob_file_starting_level: 0
2025/10/31-23:21:25.060345 7b8         Options.experimental_mempurge_threshold: 0.000000
2025/10/31-23:21:25.060352 7b8            Options.memtable_max_range_deletions: 0
2025/10/31-23:21:25.062591 7b8 [db\version_set.cc:6174] Recovered from manifest file:C:\VCC\themis\data\themis_server/MANIFEST-002713 succeeded,manifest_file_number is 2713, next_file_number is 2715, last_sequence is 241, log_number is 2707,prev_log_number is 0,max_column_family is 0,min_log_number_to_keep is 0
2025/10/31-23:21:25.062608 7b8 [db\version_set.cc:6183] Column family [default] (ID 0), log number is 2707
2025/10/31-23:21:25.062837 7b8 [db\db_impl\db_impl_open.cc:692] DB ID: 91529813-b413-11f0-8e09-b42e99fe92b3
2025/10/31-23:21:25.064826 7b8 EVENT_LOG_v1 {"time_micros": 1761949285064673, "job": 1, "event": "recovery_started", "wal_files": [4, 10, 16, 22, 28, 34, 40, 46, 52, 58, 64, 70, 76, 82, 88, 94, 100, 106, 113, 120, 126, 133, 139, 145, 151, 157, 163, 169, 175, 181, 187, 193, 200, 208, 214, 221, 229, 235, 241, 247, 253, 259, 265, 271, 277, 283, 290, 297, 306, 313, 320, 326, 332, 338, 344, 350, 356, 362, 368, 374, 381, 388, 397, 404, 411, 417, 423, 429, 435, 441, 447, 453, 459, 465, 472, 482, 491, 498, 504, 510, 516, 522, 528, 534, 540, 546, 552, 558, 565, 572, 578, 585, 592, 598, 604, 610, 616, 622, 628, 634, 640, 646, 653, 663, 669, 676, 683, 689, 695, 701, 707, 713, 719, 725, 731, 737, 744, 751, 759, 766, 773, 779, 785, 791, 797, 803, 809, 815, 821, 827, 834, 844, 852, 859, 865, 871, 877, 883, 889, 895, 901, 907, 913, 919, 926, 933, 939, 946, 953, 959, 965, 971, 977, 983, 989, 995, 1001, 1007, 1014, 1023, 1029, 1036, 1043, 1049, 1055, 1061, 1067, 1073, 1079, 1085, 1091, 1097, 1104, 1111, 1119, 1126, 1133, 1139, 1145, 1151, 1157, 1163, 1169, 1175, 1181, 1187, 1193, 1200, 1209, 1217, 1224, 1230, 1236, 1242, 1248, 1254, 1260, 1266, 1272, 1278, 1284, 1291, 1298, 1304, 1311, 1318, 1324, 1330, 1336, 1342, 1348, 1354, 1360, 1366, 1372, 1379, 1388, 1394, 1401, 1408, 1414, 1420, 1426, 1432, 1438, 1444, 1450, 1456, 1462, 1469, 1476, 1484, 1491, 1498, 1504, 1510, 1516, 1523, 1532, 1538, 1544, 1550, 1556, 1562, 1568, 1574, 1580, 1586, 1592, 1598, 1604, 1610, 1616, 1622, 1628, 1634, 1640, 1646, 1652, 1658, 1664, 1670, 1676, 1683, 1690, 1696, 1703, 1711, 1717, 1723, 1729, 1735, 1741, 1747, 1753, 1759, 1765, 1771, 1778, 1785, 1791, 1798, 1804, 1810, 1816, 1822, 1828, 1834, 1840, 1846, 1852, 1858, 1864, 1870, 1876, 1882, 1888, 1894, 1900, 1906, 1912, 1919, 1929, 1935, 1942, 1948, 1954, 1960, 1966, 1972, 1978, 1984, 1991, 1997, 2003, 2009, 2015, 2021, 2027, 2034, 2043, 2051, 2058, 2064, 2070, 2076, 2082, 2088, 2094, 2100, 2107, 2114, 2121, 2129, 2135, 2141, 2147, 2153, 2159, 2165, 2172, 2178, 2184, 2190, 2196, 2203, 2209, 2215, 2221, 2227, 2233, 2239, 2245, 2252, 2259, 2267, 2274, 2282, 2288, 2294, 2300, 2307, 2314, 2321, 2327, 2333, 2339, 2345, 2351, 2357, 2363, 2370, 2380, 2386, 2393, 2399, 2405, 2411, 2417, 2423, 2429, 2435, 2441, 2447, 2453, 2459, 2466, 2473, 2481, 2488, 2494, 2500, 2506, 2512, 2518, 2524, 2530, 2536, 2542, 2548, 2554, 2561, 2568, 2574, 2581, 2589, 2595, 2601, 2607, 2613, 2619, 2625, 2631, 2637, 2643, 2649, 2656, 2663, 2669, 2676, 2682, 2688, 2694, 2700, 2706, 2712]}
2025/10/31-23:21:25.064870 7b8 [db\db_impl\db_impl_open.cc:1379] Recovering log #4 mode 2
2025/10/31-23:21:25.064954 7b8 [db\db_impl\db_impl_open.cc:1353] Recovered to log #4 next seq #72057594037927935
2025/10/31-23:21:25.065044 7b8 [db\db_impl\db_impl_open.cc:1379] Recovering log #10 mode 2
2025/10/31-23:21:25.065112 7b8 [db\db_impl\db_impl_open.cc:1353] Recovered to log #10 next seq #72057594037927935
2025/10/31-23:21:25.065207 7b8 [db\db_impl\db_impl_open.cc:1379] Recovering log #16 mode 2
