2025/10/30-14:10:36.755406 783c RocksDB version: 10.4.2
2025/10/30-14:10:36.755486 783c Git sha 0
2025/10/30-14:10:36.755519 783c Compile date 2025-10-27 15:09:02
2025/10/30-14:10:36.755542 783c DB SUMMARY
2025/10/30-14:10:36.755565 783c Host name (Env):  DESKTOP-712S8LO
2025/10/30-14:10:36.755590 783c DB Session ID:  PUFURTLBVVM0KS58FOHK
2025/10/30-14:10:36.767904 783c CURRENT file:  CURRENT
2025/10/30-14:10:36.767942 783c IDENTITY file:  IDENTITY
2025/10/30-14:10:36.768010 783c MANIFEST file:  MANIFEST-002154 size: 307 Bytes
2025/10/30-14:10:36.768032 783c SST files in C:\VCC\themis\data\themis_server dir, Total Num: 1, files: 002126.sst 
2025/10/30-14:10:36.768063 783c Write Ahead Log file in C:\VCC\themis\data\themis_server: 000004.log size: 0 ; 000010.log size: 0 ; 000016.log size: 0 ; 000022.log size: 0 ; 000028.log size: 0 ; 000034.log size: 0 ; 000040.log size: 0 ; 000046.log size: 0 ; 000052.log size: 0 ; 000058.log size: 0 ; 000064.log size: 0 ; 000070.log size: 0 ; 000076.log size: 0 ; 000082.log size: 0 ; 000088.log size: 0 ; 000094.log size: 0 ; 000100.log size: 0 ; 000106.log size: 42 ; 000113.log size: 90 ; 000120.log size: 0 ; 000126.log size: 86 ; 000133.log size: 0 ; 000139.log size: 0 ; 000145.log size: 0 ; 000151.log size: 0 ; 000157.log size: 0 ; 000163.log size: 0 ; 000169.log size: 0 ; 000175.log size: 0 ; 000181.log size: 0 ; 000187.log size: 0 ; 000193.log size: 42 ; 000200.log size: 90 ; 000208.log size: 0 ; 000214.log size: 86 ; 000221.log size: 0 ; 000229.log size: 0 ; 000235.log size: 0 ; 000241.log size: 0 ; 000247.log size: 0 ; 000253.log size: 0 ; 000259.log size: 0 ; 000265.log size: 0 ; 000271.log size: 0 ; 000277.log size: 0 ; 000283.log size: 42 ; 000290.log size: 90 ; 000297.log size: 0 ; 000306.log size: 86 ; 000313.log size: 0 ; 000320.log size: 0 ; 000326.log size: 0 ; 000332.log size: 0 ; 000338.log size: 0 ; 000344.log size: 0 ; 000350.log size: 0 ; 000356.log size: 0 ; 000362.log size: 0 ; 000368.log size: 0 ; 000374.log size: 42 ; 000381.log size: 90 ; 000388.log size: 0 ; 000397.log size: 86 ; 000404.log size: 0 ; 000411.log size: 0 ; 000417.log size: 0 ; 000423.log size: 0 ; 000429.log size: 0 ; 000435.log size: 0 ; 000441.log size: 0 ; 000447.log size: 0 ; 000453.log size: 0 ; 000459.log size: 0 ; 000465.log size: 42 ; 000472.log size: 90 ; 000482.log size: 0 ; 000491.log size: 86 ; 000498.log size: 0 ; 000504.log size: 0 ; 000510.log size: 0 ; 000516.log size: 0 ; 000522.log size: 0 ; 000528.log size: 0 ; 000534.log size: 0 ; 000540.log size: 0 ; 000546.log size: 0 ; 000552.log size: 0 ; 000558.log size: 42 ; 000565.log size: 90 ; 000572.log size: 0 ; 000578.log size: 86 ; 000585.log size: 0 ; 000592.log size: 0 ; 000598.log size: 0 ; 000604.log size: 0 ; 000610.log size: 0 ; 000616.log size: 0 ; 000622.log size: 0 ; 000628.log size: 0 ; 000634.log size: 0 ; 000640.log size: 0 ; 000646.log size: 42 ; 000653.log size: 90 ; 000663.log size: 0 ; 000669.log size: 86 ; 000676.log size: 0 ; 000683.log size: 0 ; 000689.log size: 0 ; 000695.log size: 0 ; 000701.log size: 0 ; 000707.log size: 0 ; 000713.log size: 0 ; 000719.log size: 0 ; 000725.log size: 0 ; 000731.log size: 0 ; 000737.log size: 42 ; 000744.log size: 90 ; 000751.log size: 0 ; 000759.log size: 86 ; 000766.log size: 0 ; 000773.log size: 0 ; 000779.log size: 0 ; 000785.log size: 0 ; 000791.log size: 0 ; 000797.log size: 0 ; 000803.log size: 0 ; 000809.log size: 0 ; 000815.log size: 0 ; 000821.log size: 0 ; 000827.log size: 42 ; 000834.log size: 90 ; 000844.log size: 0 ; 000852.log size: 86 ; 000859.log size: 0 ; 000865.log size: 0 ; 000871.log size: 0 ; 000877.log size: 0 ; 000883.log size: 0 ; 000889.log size: 0 ; 000895.log size: 0 ; 000901.log size: 0 ; 000907.log size: 0 ; 000913.log size: 0 ; 000919.log size: 42 ; 000926.log size: 90 ; 000933.log size: 0 ; 000939.log size: 86 ; 000946.log size: 0 ; 000953.log size: 0 ; 000959.log size: 0 ; 000965.log size: 0 ; 000971.log size: 0 ; 000977.log size: 0 ; 000983.log size: 0 ; 000989.log size: 0 ; 000995.log size: 0 ; 001001.log size: 0 ; 001007.log size: 42 ; 001014.log size: 90 ; 001023.log size: 0 ; 001029.log size: 86 ; 001036.log size: 0 ; 001043.log size: 0 ; 001049.log size: 0 ; 001055.log size: 0 ; 001061.log size: 0 ; 001067.log size: 0 ; 001073.log size: 0 ; 001079.log size: 0 ; 001085.log size: 0 ; 001091.log size: 0 ; 001097.log size: 42 ; 001104.log size: 90 ; 001111.log size: 0 ; 001119.log size: 86 ; 001126.log size: 0 ; 001133.log size: 0 ; 001139.log size: 0 ; 001145.log size: 0 ; 001151.log size: 0 ; 001157.log size: 0 ; 001163.log size: 0 ; 001169.log size: 0 ; 001175.log size: 0 ; 001181.log size: 0 ; 001187.log size: 0 ; 001193.log size: 42 ; 001200.log size: 90 ; 001209.log size: 0 ; 001217.log size: 86 ; 001224.log size: 0 ; 001230.log size: 0 ; 001236.log size: 0 ; 001242.log size: 0 ; 001248.log size: 0 ; 001254.log size: 0 ; 001260.log size: 0 ; 001266.log size: 0 ; 001272.log size: 0 ; 001278.log size: 0 ; 001284.log size: 42 ; 001291.log size: 90 ; 001298.log size: 0 ; 001304.log size: 86 ; 001311.log size: 0 ; 001318.log size: 0 ; 001324.log size: 0 ; 001330.log size: 0 ; 001336.log size: 0 ; 001342.log size: 0 ; 001348.log size: 0 ; 001354.log size: 0 ; 001360.log size: 0 ; 001366.log size: 0 ; 001372.log size: 42 ; 001379.log size: 90 ; 001388.log size: 0 ; 001394.log size: 86 ; 001401.log size: 0 ; 001408.log size: 0 ; 001414.log size: 0 ; 001420.log size: 0 ; 001426.log size: 0 ; 001432.log size: 0 ; 001438.log size: 0 ; 001444.log size: 0 ; 001450.log size: 0 ; 001456.log size: 0 ; 001462.log size: 42 ; 001469.log size: 90 ; 001476.log size: 0 ; 001484.log size: 86 ; 001491.log size: 0 ; 001498.log size: 0 ; 001504.log size: 0 ; 001510.log size: 0 ; 001516.log size: 244 ; 001523.log size: 876 ; 001532.log size: 0 ; 001538.log size: 0 ; 001544.log size: 0 ; 001550.log size: 0 ; 001556.log size: 0 ; 001562.log size: 0 ; 001568.log size: 0 ; 001574.log size: 0 ; 001580.log size: 0 ; 001586.log size: 0 ; 001592.log size: 0 ; 001598.log size: 0 ; 001604.log size: 0 ; 001610.log size: 0 ; 001616.log size: 0 ; 001622.log size: 0 ; 001628.log size: 0 ; 001634.log size: 0 ; 001640.log size: 0 ; 001646.log size: 0 ; 001652.log size: 0 ; 001658.log size: 0 ; 001664.log size: 0 ; 001670.log size: 0 ; 001676.log size: 42 ; 001683.log size: 90 ; 001690.log size: 0 ; 001696.log size: 86 ; 001703.log size: 0 ; 001711.log size: 0 ; 001717.log size: 0 ; 001723.log size: 0 ; 001729.log size: 0 ; 001735.log size: 0 ; 001741.log size: 0 ; 001747.log size: 0 ; 001753.log size: 0 ; 001759.log size: 0 ; 001765.log size: 0 ; 001771.log size: 42 ; 001778.log size: 90 ; 001785.log size: 0 ; 001791.log size: 86 ; 001798.log size: 0 ; 001804.log size: 0 ; 001810.log size: 0 ; 001816.log size: 0 ; 001822.log size: 0 ; 001828.log size: 0 ; 001834.log size: 0 ; 001840.log size: 0 ; 001846.log size: 0 ; 001852.log size: 0 ; 001858.log size: 0 ; 001864.log size: 0 ; 001870.log size: 0 ; 001876.log size: 0 ; 001882.log size: 0 ; 001888.log size: 0 ; 001894.log size: 0 ; 001900.log size: 0 ; 001906.log size: 0 ; 001912.log size: 42 ; 001919.log size: 90 ; 001929.log size: 0 ; 001935.log size: 86 ; 001942.log size: 0 ; 001948.log size: 0 ; 001954.log size: 0 ; 001960.log size: 0 ; 001966.log size: 0 ; 001972.log size: 0 ; 001978.log size: 0 ; 001984.log size: 167 ; 001991.log size: 0 ; 001997.log size: 0 ; 002003.log size: 0 ; 002009.log size: 0 ; 002015.log size: 0 ; 002021.log size: 0 ; 002027.log size: 42 ; 002034.log size: 90 ; 002043.log size: 0 ; 002051.log size: 86 ; 002058.log size: 0 ; 002064.log size: 0 ; 002070.log size: 0 ; 002076.log size: 0 ; 002082.log size: 0 ; 002088.log size: 0 ; 002094.log size: 0 ; 002100.log size: 839 ; 002107.log size: 1133 ; 002114.log size: 775 ; 002121.log size: 0 ; 002129.log size: 0 ; 002135.log size: 0 ; 002141.log size: 0 ; 002147.log size: 0 ; 002153.log size: 0 ; 
2025/10/30-14:10:36.769962 783c                         Options.error_if_exists: 0
2025/10/30-14:10:36.769976 783c                       Options.create_if_missing: 1
2025/10/30-14:10:36.769983 783c                         Options.paranoid_checks: 1
2025/10/30-14:10:36.769989 783c             Options.flush_verify_memtable_count: 1
2025/10/30-14:10:36.770016 783c          Options.compaction_verify_record_count: 1
2025/10/30-14:10:36.770024 783c                               Options.track_and_verify_wals_in_manifest: 0
2025/10/30-14:10:36.770030 783c                               Options.track_and_verify_wals: 0
2025/10/30-14:10:36.770036 783c        Options.verify_sst_unique_id_in_manifest: 1
2025/10/30-14:10:36.770041 783c                                     Options.env: 000001BB8486FDB0
2025/10/30-14:10:36.770048 783c                                      Options.fs: WinFS
2025/10/30-14:10:36.770054 783c                                Options.info_log: 000001BB8490CAA0
2025/10/30-14:10:36.770060 783c                Options.max_file_opening_threads: 16
2025/10/30-14:10:36.770066 783c                              Options.statistics: 000001BB84911CA0
2025/10/30-14:10:36.770071 783c                              Options.statistics stats level: 1
2025/10/30-14:10:36.770077 783c                               Options.use_fsync: 0
2025/10/30-14:10:36.770083 783c                       Options.max_log_file_size: 0
2025/10/30-14:10:36.770089 783c                  Options.max_manifest_file_size: 1073741824
2025/10/30-14:10:36.770095 783c                   Options.log_file_time_to_roll: 0
2025/10/30-14:10:36.770101 783c                       Options.keep_log_file_num: 1000
2025/10/30-14:10:36.770124 783c                    Options.recycle_log_file_num: 0
2025/10/30-14:10:36.770130 783c                         Options.allow_fallocate: 1
2025/10/30-14:10:36.770136 783c                        Options.allow_mmap_reads: 0
2025/10/30-14:10:36.770142 783c                       Options.allow_mmap_writes: 0
2025/10/30-14:10:36.770147 783c                        Options.use_direct_reads: 0
2025/10/30-14:10:36.770153 783c                        Options.use_direct_io_for_flush_and_compaction: 0
2025/10/30-14:10:36.770160 783c          Options.create_missing_column_families: 0
2025/10/30-14:10:36.770166 783c                              Options.db_log_dir: 
2025/10/30-14:10:36.770172 783c                                 Options.wal_dir: 
2025/10/30-14:10:36.770179 783c                Options.table_cache_numshardbits: 6
2025/10/30-14:10:36.770184 783c                         Options.WAL_ttl_seconds: 0
2025/10/30-14:10:36.770190 783c                       Options.WAL_size_limit_MB: 0
2025/10/30-14:10:36.770196 783c                        Options.max_write_batch_group_size_bytes: 1048576
2025/10/30-14:10:36.770202 783c             Options.manifest_preallocation_size: 4194304
2025/10/30-14:10:36.770208 783c                     Options.is_fd_close_on_exec: 1
2025/10/30-14:10:36.770214 783c                   Options.advise_random_on_open: 1
2025/10/30-14:10:36.770220 783c                    Options.db_write_buffer_size: 0
2025/10/30-14:10:36.770226 783c                    Options.write_buffer_manager: 000001BB8486FAE0
2025/10/30-14:10:36.770232 783c                      Options.use_adaptive_mutex: 0
2025/10/30-14:10:36.770238 783c                            Options.rate_limiter: 0000000000000000
2025/10/30-14:10:36.770247 783c     Options.sst_file_manager.rate_bytes_per_sec: 0
2025/10/30-14:10:36.770255 783c                       Options.wal_recovery_mode: 2
2025/10/30-14:10:36.770261 783c                  Options.enable_thread_tracking: 0
2025/10/30-14:10:36.770267 783c                  Options.enable_pipelined_write: 0
2025/10/30-14:10:36.770273 783c                  Options.unordered_write: 0
2025/10/30-14:10:36.770279 783c         Options.allow_concurrent_memtable_write: 1
2025/10/30-14:10:36.770285 783c      Options.enable_write_thread_adaptive_yield: 1
2025/10/30-14:10:36.770291 783c             Options.write_thread_max_yield_usec: 100
2025/10/30-14:10:36.770296 783c            Options.write_thread_slow_yield_usec: 3
2025/10/30-14:10:36.770303 783c                               Options.row_cache: None
2025/10/30-14:10:36.770309 783c                              Options.wal_filter: None
2025/10/30-14:10:36.770315 783c             Options.avoid_flush_during_recovery: 0
2025/10/30-14:10:36.770323 783c             Options.allow_ingest_behind: 0
2025/10/30-14:10:36.770329 783c             Options.two_write_queues: 0
2025/10/30-14:10:36.770335 783c             Options.manual_wal_flush: 0
2025/10/30-14:10:36.770341 783c             Options.wal_compression: 0
2025/10/30-14:10:36.770346 783c             Options.background_close_inactive_wals: 0
2025/10/30-14:10:36.770353 783c             Options.atomic_flush: 0
2025/10/30-14:10:36.770359 783c             Options.avoid_unnecessary_blocking_io: 0
2025/10/30-14:10:36.770365 783c             Options.prefix_seek_opt_in_only: 0
2025/10/30-14:10:36.770371 783c                 Options.persist_stats_to_disk: 0
2025/10/30-14:10:36.770377 783c                 Options.write_dbid_to_manifest: 1
2025/10/30-14:10:36.770383 783c                 Options.write_identity_file: 1
2025/10/30-14:10:36.770388 783c                 Options.log_readahead_size: 0
2025/10/30-14:10:36.770394 783c                 Options.file_checksum_gen_factory: Unknown
2025/10/30-14:10:36.770401 783c                 Options.best_efforts_recovery: 0
2025/10/30-14:10:36.770407 783c                Options.max_bgerror_resume_count: 2147483647
2025/10/30-14:10:36.770413 783c            Options.bgerror_resume_retry_interval: 1000000
2025/10/30-14:10:36.770419 783c             Options.allow_data_in_errors: 0
2025/10/30-14:10:36.770424 783c             Options.db_host_id: __hostname__
2025/10/30-14:10:36.770430 783c             Options.enforce_single_del_contracts: true
2025/10/30-14:10:36.770436 783c             Options.metadata_write_temperature: kUnknown
2025/10/30-14:10:36.770442 783c             Options.wal_write_temperature: kUnknown
2025/10/30-14:10:36.770449 783c             Options.max_background_jobs: 4
2025/10/30-14:10:36.770455 783c             Options.max_background_compactions: -1
2025/10/30-14:10:36.770461 783c             Options.max_subcompactions: 1
2025/10/30-14:10:36.770467 783c             Options.avoid_flush_during_shutdown: 0
2025/10/30-14:10:36.770473 783c           Options.writable_file_max_buffer_size: 1048576
2025/10/30-14:10:36.770479 783c             Options.delayed_write_rate : 16777216
2025/10/30-14:10:36.770485 783c             Options.max_total_wal_size: 0
2025/10/30-14:10:36.770490 783c             Options.delete_obsolete_files_period_micros: 21600000000
2025/10/30-14:10:36.770497 783c                   Options.stats_dump_period_sec: 600
2025/10/30-14:10:36.770503 783c                 Options.stats_persist_period_sec: 600
2025/10/30-14:10:36.770509 783c                 Options.stats_history_buffer_size: 1048576
2025/10/30-14:10:36.770515 783c                          Options.max_open_files: -1
2025/10/30-14:10:36.770521 783c                          Options.bytes_per_sync: 0
2025/10/30-14:10:36.770526 783c                      Options.wal_bytes_per_sync: 0
2025/10/30-14:10:36.770532 783c                   Options.strict_bytes_per_sync: 0
2025/10/30-14:10:36.770538 783c       Options.compaction_readahead_size: 2097152
2025/10/30-14:10:36.770544 783c                  Options.max_background_flushes: -1
2025/10/30-14:10:36.770550 783c Options.daily_offpeak_time_utc: 
2025/10/30-14:10:36.770558 783c Compression algorithms supported:
2025/10/30-14:10:36.770564 783c 	kZSTD supported: 1
2025/10/30-14:10:36.770570 783c 	kCustomCompressionA3 supported: 0
2025/10/30-14:10:36.770576 783c 	kSnappyCompression supported: 0
2025/10/30-14:10:36.770582 783c 	kCustomCompressionA5 supported: 0
2025/10/30-14:10:36.770588 783c 	kBZip2Compression supported: 0
2025/10/30-14:10:36.770595 783c 	kZlibCompression supported: 1
2025/10/30-14:10:36.770601 783c 	kLZ4Compression supported: 1
2025/10/30-14:10:36.770607 783c 	kXpressCompression supported: 0
2025/10/30-14:10:36.770613 783c 	kCustomCompressionA7 supported: 0
2025/10/30-14:10:36.770619 783c 	kLZ4HCCompression supported: 1
2025/10/30-14:10:36.770624 783c 	kCustomCompressionB2 supported: 0
2025/10/30-14:10:36.770630 783c 	kCustomCompression9C supported: 0
2025/10/30-14:10:36.770637 783c 	kCustomCompression80 supported: 0
2025/10/30-14:10:36.770664 783c 	kCustomCompressionB3 supported: 0
2025/10/30-14:10:36.770673 783c 	kCustomCompression9B supported: 0
2025/10/30-14:10:36.770679 783c 	kCustomCompression81 supported: 0
2025/10/30-14:10:36.770685 783c 	kCustomCompressionB0 supported: 0
2025/10/30-14:10:36.770690 783c 	kCustomCompression9A supported: 0
2025/10/30-14:10:36.770696 783c 	kCustomCompression82 supported: 0
2025/10/30-14:10:36.770702 783c 	kCustomCompressionB1 supported: 0
2025/10/30-14:10:36.770708 783c 	kCustomCompression83 supported: 0
2025/10/30-14:10:36.770715 783c 	kCustomCompressionB6 supported: 0
2025/10/30-14:10:36.770720 783c 	kCustomCompression84 supported: 0
2025/10/30-14:10:36.770726 783c 	kCustomCompressionB7 supported: 0
2025/10/30-14:10:36.770732 783c 	kCustomCompression9F supported: 0
2025/10/30-14:10:36.770737 783c 	kCustomCompression85 supported: 0
2025/10/30-14:10:36.770743 783c 	kCustomCompressionB4 supported: 0
2025/10/30-14:10:36.770749 783c 	kCustomCompression9E supported: 0
2025/10/30-14:10:36.770755 783c 	kCustomCompression86 supported: 0
2025/10/30-14:10:36.770762 783c 	kCustomCompressionB5 supported: 0
2025/10/30-14:10:36.770768 783c 	kCustomCompression9D supported: 0
2025/10/30-14:10:36.770791 783c 	kCustomCompression87 supported: 0
2025/10/30-14:10:36.770797 783c 	kCustomCompression88 supported: 0
2025/10/30-14:10:36.770802 783c 	kCustomCompression89 supported: 0
2025/10/30-14:10:36.770808 783c 	kCustomCompression92 supported: 0
2025/10/30-14:10:36.770814 783c 	kCustomCompression8A supported: 0
2025/10/30-14:10:36.770820 783c 	kCustomCompression91 supported: 0
2025/10/30-14:10:36.770826 783c 	kCustomCompression8B supported: 0
2025/10/30-14:10:36.770832 783c 	kCustomCompression90 supported: 0
2025/10/30-14:10:36.770838 783c 	kCustomCompression8C supported: 0
2025/10/30-14:10:36.770844 783c 	kCustomCompression97 supported: 0
2025/10/30-14:10:36.770849 783c 	kCustomCompression8D supported: 0
2025/10/30-14:10:36.770855 783c 	kCustomCompression96 supported: 0
2025/10/30-14:10:36.770860 783c 	kCustomCompression8E supported: 0
2025/10/30-14:10:36.770866 783c 	kCustomCompression95 supported: 0
2025/10/30-14:10:36.770873 783c 	kCustomCompression8F supported: 0
2025/10/30-14:10:36.770878 783c 	kCustomCompression93 supported: 0
2025/10/30-14:10:36.770884 783c 	kCustomCompression94 supported: 0
2025/10/30-14:10:36.770890 783c 	kCustomCompression98 supported: 0
2025/10/30-14:10:36.770895 783c 	kCustomCompression99 supported: 0
2025/10/30-14:10:36.770901 783c 	kCustomCompressionA0 supported: 0
2025/10/30-14:10:36.770906 783c 	kCustomCompressionA1 supported: 0
2025/10/30-14:10:36.770913 783c 	kCustomCompressionA2 supported: 0
2025/10/30-14:10:36.770919 783c 	kCustomCompressionA4 supported: 0
2025/10/30-14:10:36.770925 783c 	kCustomCompressionA6 supported: 0
2025/10/30-14:10:36.770931 783c 	kCustomCompressionA8 supported: 0
2025/10/30-14:10:36.770936 783c 	kCustomCompressionA9 supported: 0
2025/10/30-14:10:36.770942 783c 	kCustomCompressionAA supported: 0
2025/10/30-14:10:36.770947 783c 	kCustomCompressionAB supported: 0
2025/10/30-14:10:36.770953 783c 	kCustomCompressionAC supported: 0
2025/10/30-14:10:36.770959 783c 	kCustomCompressionAD supported: 0
2025/10/30-14:10:36.770965 783c 	kCustomCompressionAE supported: 0
2025/10/30-14:10:36.770971 783c 	kCustomCompressionAF supported: 0
2025/10/30-14:10:36.770977 783c 	kCustomCompressionB8 supported: 0
2025/10/30-14:10:36.770983 783c 	kCustomCompressionB9 supported: 0
2025/10/30-14:10:36.770988 783c 	kCustomCompressionBA supported: 0
2025/10/30-14:10:36.770994 783c 	kCustomCompressionBB supported: 0
2025/10/30-14:10:36.770999 783c 	kCustomCompressionBC supported: 0
2025/10/30-14:10:36.771005 783c 	kCustomCompressionBD supported: 0
2025/10/30-14:10:36.771012 783c 	kCustomCompressionBE supported: 0
2025/10/30-14:10:36.771018 783c 	kCustomCompressionBF supported: 0
2025/10/30-14:10:36.771024 783c 	kCustomCompressionC0 supported: 0
2025/10/30-14:10:36.771029 783c 	kCustomCompressionC1 supported: 0
2025/10/30-14:10:36.771035 783c 	kCustomCompressionC2 supported: 0
2025/10/30-14:10:36.771042 783c 	kCustomCompressionC3 supported: 0
2025/10/30-14:10:36.771048 783c 	kCustomCompressionC4 supported: 0
2025/10/30-14:10:36.771055 783c 	kCustomCompressionC5 supported: 0
2025/10/30-14:10:36.771061 783c 	kCustomCompressionC6 supported: 0
2025/10/30-14:10:36.771066 783c 	kCustomCompressionC7 supported: 0
2025/10/30-14:10:36.771072 783c 	kCustomCompressionC8 supported: 0
2025/10/30-14:10:36.771078 783c 	kCustomCompressionC9 supported: 0
2025/10/30-14:10:36.771083 783c 	kCustomCompressionCA supported: 0
2025/10/30-14:10:36.771089 783c 	kCustomCompressionCB supported: 0
2025/10/30-14:10:36.771094 783c 	kCustomCompressionCC supported: 0
2025/10/30-14:10:36.771101 783c 	kCustomCompressionCD supported: 0
2025/10/30-14:10:36.771107 783c 	kCustomCompressionCE supported: 0
2025/10/30-14:10:36.771113 783c 	kCustomCompressionCF supported: 0
2025/10/30-14:10:36.771119 783c 	kCustomCompressionD0 supported: 0
2025/10/30-14:10:36.771125 783c 	kCustomCompressionD1 supported: 0
2025/10/30-14:10:36.771130 783c 	kCustomCompressionD2 supported: 0
2025/10/30-14:10:36.771136 783c 	kCustomCompressionD3 supported: 0
2025/10/30-14:10:36.771141 783c 	kCustomCompressionD4 supported: 0
2025/10/30-14:10:36.771147 783c 	kCustomCompressionD5 supported: 0
2025/10/30-14:10:36.771154 783c 	kCustomCompressionD6 supported: 0
2025/10/30-14:10:36.771160 783c 	kCustomCompressionD7 supported: 0
2025/10/30-14:10:36.771166 783c 	kCustomCompressionD8 supported: 0
2025/10/30-14:10:36.771171 783c 	kCustomCompressionD9 supported: 0
2025/10/30-14:10:36.771177 783c 	kCustomCompressionDA supported: 0
2025/10/30-14:10:36.771183 783c 	kCustomCompressionDB supported: 0
2025/10/30-14:10:36.771188 783c 	kCustomCompressionDC supported: 0
2025/10/30-14:10:36.771194 783c 	kCustomCompressionDD supported: 0
2025/10/30-14:10:36.771201 783c 	kCustomCompressionDE supported: 0
2025/10/30-14:10:36.771207 783c 	kCustomCompressionDF supported: 0
2025/10/30-14:10:36.771212 783c 	kCustomCompressionE0 supported: 0
2025/10/30-14:10:36.771218 783c 	kCustomCompressionE1 supported: 0
2025/10/30-14:10:36.771224 783c 	kCustomCompressionE2 supported: 0
2025/10/30-14:10:36.771229 783c 	kCustomCompressionE3 supported: 0
2025/10/30-14:10:36.771235 783c 	kCustomCompressionE4 supported: 0
2025/10/30-14:10:36.771241 783c 	kCustomCompressionE5 supported: 0
2025/10/30-14:10:36.771247 783c 	kCustomCompressionE6 supported: 0
2025/10/30-14:10:36.771253 783c 	kCustomCompressionE7 supported: 0
2025/10/30-14:10:36.771259 783c 	kCustomCompressionE8 supported: 0
2025/10/30-14:10:36.771265 783c 	kCustomCompressionE9 supported: 0
2025/10/30-14:10:36.771270 783c 	kCustomCompressionEA supported: 0
2025/10/30-14:10:36.771276 783c 	kCustomCompressionEB supported: 0
2025/10/30-14:10:36.771281 783c 	kCustomCompressionEC supported: 0
2025/10/30-14:10:36.771288 783c 	kCustomCompressionED supported: 0
2025/10/30-14:10:36.771294 783c 	kCustomCompressionEE supported: 0
2025/10/30-14:10:36.771300 783c 	kCustomCompressionEF supported: 0
2025/10/30-14:10:36.771306 783c 	kCustomCompressionF0 supported: 0
2025/10/30-14:10:36.771312 783c 	kCustomCompressionF1 supported: 0
2025/10/30-14:10:36.771317 783c 	kCustomCompressionF2 supported: 0
2025/10/30-14:10:36.771323 783c 	kCustomCompressionF3 supported: 0
2025/10/30-14:10:36.771328 783c 	kCustomCompressionF4 supported: 0
2025/10/30-14:10:36.771335 783c 	kCustomCompressionF5 supported: 0
2025/10/30-14:10:36.771341 783c 	kCustomCompressionF6 supported: 0
2025/10/30-14:10:36.771347 783c 	kCustomCompressionF7 supported: 0
2025/10/30-14:10:36.771353 783c 	kCustomCompressionF8 supported: 0
2025/10/30-14:10:36.771358 783c 	kCustomCompressionF9 supported: 0
2025/10/30-14:10:36.771364 783c 	kCustomCompressionFA supported: 0
2025/10/30-14:10:36.771369 783c 	kCustomCompressionFB supported: 0
2025/10/30-14:10:36.771375 783c 	kCustomCompressionFC supported: 0
2025/10/30-14:10:36.771381 783c 	kCustomCompressionFD supported: 0
2025/10/30-14:10:36.771387 783c 	kCustomCompressionFE supported: 0
2025/10/30-14:10:36.771396 783c Fast CRC32 supported: Not supported on x86
2025/10/30-14:10:36.771404 783c DMutex implementation: std::mutex
2025/10/30-14:10:36.771411 783c Jemalloc supported: 0
2025/10/30-14:10:36.772038 783c [db\version_set.cc:6116] Recovering from manifest file: C:\VCC\themis\data\themis_server/MANIFEST-002154
2025/10/30-14:10:36.772151 783c [db\column_family.cc:692] --------------- Options for column family [default]:
2025/10/30-14:10:36.772167 783c               Options.comparator: leveldb.BytewiseComparator
2025/10/30-14:10:36.772174 783c           Options.merge_operator: None
2025/10/30-14:10:36.772181 783c        Options.compaction_filter: None
2025/10/30-14:10:36.772188 783c        Options.compaction_filter_factory: None
2025/10/30-14:10:36.772195 783c  Options.sst_partitioner_factory: None
2025/10/30-14:10:36.772200 783c         Options.memtable_factory: SkipListFactory
2025/10/30-14:10:36.772206 783c            Options.table_factory: BlockBasedTable
2025/10/30-14:10:36.772240 783c            table_factory options:   flush_block_policy_factory: FlushBlockBySizePolicyFactory (000001BB84904970)
  cache_index_and_filter_blocks: 1
  cache_index_and_filter_blocks_with_high_priority: 1
  pin_l0_filter_and_index_blocks_in_cache: 1
  pin_top_level_index_and_filter: 1
  index_type: 0
  data_block_index_type: 0
  index_shortening: 1
  data_block_hash_table_util_ratio: 0.750000
  checksum: 4
  no_block_cache: 0
  block_cache: 000001BB84917750
  block_cache_name: LRUCache
  block_cache_options:
    capacity : 1073741824
    num_shard_bits : 6
    strict_capacity_limit : 0
    memory_allocator : None
    high_pri_pool_ratio: 0.500
    low_pri_pool_ratio: 0.000
  persistent_cache: 0000000000000000
  block_size: 4096
  block_size_deviation: 10
  block_restart_interval: 16
  index_block_restart_interval: 1
  metadata_block_size: 4096
  partition_filters: 0
  use_delta_encoding: 1
  filter_policy: bloomfilter
  whole_key_filtering: 1
  verify_compression: 0
  read_amp_bytes_per_bit: 0
  format_version: 6
  enable_index_compression: 1
  block_align: 0
  max_auto_readahead_size: 262144
  prepopulate_block_cache: 0
  initial_auto_readahead_size: 8192
  num_file_reads_for_auto_readahead: 2
2025/10/30-14:10:36.772249 783c        Options.write_buffer_size: 268435456
2025/10/30-14:10:36.772256 783c  Options.max_write_buffer_number: 3
2025/10/30-14:10:36.772263 783c          Options.compression: LZ4
2025/10/30-14:10:36.772269 783c                  Options.bottommost_compression: ZSTD
2025/10/30-14:10:36.772275 783c       Options.prefix_extractor: nullptr
2025/10/30-14:10:36.772280 783c   Options.memtable_insert_with_hint_prefix_extractor: nullptr
2025/10/30-14:10:36.772286 783c             Options.num_levels: 7
2025/10/30-14:10:36.772292 783c        Options.min_write_buffer_number_to_merge: 1
2025/10/30-14:10:36.772297 783c     Options.max_write_buffer_size_to_maintain: 805306368
2025/10/30-14:10:36.772303 783c            Options.bottommost_compression_opts.window_bits: -14
2025/10/30-14:10:36.772329 783c                  Options.bottommost_compression_opts.level: 32767
2025/10/30-14:10:36.772336 783c               Options.bottommost_compression_opts.strategy: 0
2025/10/30-14:10:36.772342 783c         Options.bottommost_compression_opts.max_dict_bytes: 0
2025/10/30-14:10:36.772349 783c         Options.bottommost_compression_opts.zstd_max_train_bytes: 0
2025/10/30-14:10:36.772354 783c         Options.bottommost_compression_opts.parallel_threads: 1
2025/10/30-14:10:36.772360 783c                  Options.bottommost_compression_opts.enabled: false
2025/10/30-14:10:36.772366 783c         Options.bottommost_compression_opts.max_dict_buffer_bytes: 0
2025/10/30-14:10:36.772373 783c         Options.bottommost_compression_opts.use_zstd_dict_trainer: true
2025/10/30-14:10:36.772379 783c            Options.compression_opts.window_bits: -14
2025/10/30-14:10:36.772386 783c                  Options.compression_opts.level: 32767
2025/10/30-14:10:36.772392 783c               Options.compression_opts.strategy: 0
2025/10/30-14:10:36.772398 783c         Options.compression_opts.max_dict_bytes: 0
2025/10/30-14:10:36.772406 783c         Options.compression_opts.zstd_max_train_bytes: 0
2025/10/30-14:10:36.772414 783c         Options.compression_opts.use_zstd_dict_trainer: true
2025/10/30-14:10:36.772420 783c         Options.compression_opts.parallel_threads: 1
2025/10/30-14:10:36.772426 783c                  Options.compression_opts.enabled: false
2025/10/30-14:10:36.772433 783c         Options.compression_opts.max_dict_buffer_bytes: 0
2025/10/30-14:10:36.772439 783c      Options.level0_file_num_compaction_trigger: 4
2025/10/30-14:10:36.772446 783c          Options.level0_slowdown_writes_trigger: 20
2025/10/30-14:10:36.772468 783c              Options.level0_stop_writes_trigger: 36
2025/10/30-14:10:36.772474 783c                   Options.target_file_size_base: 67108864
2025/10/30-14:10:36.772480 783c             Options.target_file_size_multiplier: 1
2025/10/30-14:10:36.772485 783c                Options.max_bytes_for_level_base: 268435456
2025/10/30-14:10:36.772491 783c Options.level_compaction_dynamic_level_bytes: 1
2025/10/30-14:10:36.772497 783c          Options.max_bytes_for_level_multiplier: 10.000000
2025/10/30-14:10:36.772504 783c Options.max_bytes_for_level_multiplier_addtl[0]: 1
2025/10/30-14:10:36.772511 783c Options.max_bytes_for_level_multiplier_addtl[1]: 1
2025/10/30-14:10:36.772516 783c Options.max_bytes_for_level_multiplier_addtl[2]: 1
2025/10/30-14:10:36.772522 783c Options.max_bytes_for_level_multiplier_addtl[3]: 1
2025/10/30-14:10:36.772528 783c Options.max_bytes_for_level_multiplier_addtl[4]: 1
2025/10/30-14:10:36.772533 783c Options.max_bytes_for_level_multiplier_addtl[5]: 1
2025/10/30-14:10:36.772539 783c Options.max_bytes_for_level_multiplier_addtl[6]: 1
2025/10/30-14:10:36.772545 783c       Options.max_sequential_skip_in_iterations: 8
2025/10/30-14:10:36.772551 783c          Options.memtable_op_scan_flush_trigger: 0
2025/10/30-14:10:36.772557 783c      Options.memtable_avg_op_scan_flush_trigger: 0
2025/10/30-14:10:36.772563 783c                    Options.max_compaction_bytes: 1677721600
2025/10/30-14:10:36.772569 783c                        Options.arena_block_size: 1048576
2025/10/30-14:10:36.772575 783c   Options.soft_pending_compaction_bytes_limit: 68719476736
2025/10/30-14:10:36.772580 783c   Options.hard_pending_compaction_bytes_limit: 274877906944
2025/10/30-14:10:36.772586 783c                Options.disable_auto_compactions: 1
2025/10/30-14:10:36.772593 783c                        Options.compaction_style: kCompactionStyleLevel
2025/10/30-14:10:36.772600 783c                          Options.compaction_pri: kMinOverlappingRatio
2025/10/30-14:10:36.772606 783c Options.compaction_options_universal.size_ratio: 1
2025/10/30-14:10:36.772611 783c Options.compaction_options_universal.min_merge_width: 2
2025/10/30-14:10:36.772617 783c Options.compaction_options_universal.max_merge_width: 4294967295
2025/10/30-14:10:36.772623 783c Options.compaction_options_universal.max_size_amplification_percent: 200
2025/10/30-14:10:36.772628 783c Options.compaction_options_universal.compression_size_percent: -1
2025/10/30-14:10:36.772634 783c Options.compaction_options_universal.stop_style: kCompactionStopStyleTotalSize
2025/10/30-14:10:36.772641 783c Options.compaction_options_universal.max_read_amp: -1
2025/10/30-14:10:36.772647 783c Options.compaction_options_universal.reduce_file_locking: 0
2025/10/30-14:10:36.772654 783c Options.compaction_options_fifo.max_table_files_size: 1073741824
2025/10/30-14:10:36.772660 783c Options.compaction_options_fifo.allow_compaction: 0
2025/10/30-14:10:36.772668 783c                   Options.table_properties_collectors: 
2025/10/30-14:10:36.772674 783c                   Options.inplace_update_support: 0
2025/10/30-14:10:36.772679 783c                 Options.inplace_update_num_locks: 10000
2025/10/30-14:10:36.772685 783c               Options.memtable_prefix_bloom_size_ratio: 0.000000
2025/10/30-14:10:36.772692 783c               Options.memtable_whole_key_filtering: 0
2025/10/30-14:10:36.772698 783c   Options.memtable_huge_page_size: 0
2025/10/30-14:10:36.772704 783c                           Options.bloom_locality: 0
2025/10/30-14:10:36.772734 783c                    Options.max_successive_merges: 0
2025/10/30-14:10:36.772742 783c             Options.strict_max_successive_merges: 0
2025/10/30-14:10:36.772748 783c                Options.optimize_filters_for_hits: 0
2025/10/30-14:10:36.772754 783c                Options.paranoid_file_checks: 0
2025/10/30-14:10:36.772760 783c                Options.force_consistency_checks: 1
2025/10/30-14:10:36.772766 783c                Options.report_bg_io_stats: 0
2025/10/30-14:10:36.772772 783c                Options.disallow_memtable_writes: 0
2025/10/30-14:10:36.772778 783c                               Options.ttl: 2592000
2025/10/30-14:10:36.772784 783c          Options.periodic_compaction_seconds: 0
2025/10/30-14:10:36.772790 783c                        Options.default_temperature: kUnknown
2025/10/30-14:10:36.772796 783c  Options.preclude_last_level_data_seconds: 0
2025/10/30-14:10:36.772801 783c    Options.preserve_internal_time_seconds: 0
2025/10/30-14:10:36.772807 783c                       Options.enable_blob_files: false
2025/10/30-14:10:36.772814 783c                           Options.min_blob_size: 0
2025/10/30-14:10:36.772820 783c                          Options.blob_file_size: 268435456
2025/10/30-14:10:36.772826 783c                   Options.blob_compression_type: NoCompression
2025/10/30-14:10:36.772832 783c          Options.enable_blob_garbage_collection: false
2025/10/30-14:10:36.772838 783c      Options.blob_garbage_collection_age_cutoff: 0.250000
2025/10/30-14:10:36.772844 783c Options.blob_garbage_collection_force_threshold: 1.000000
2025/10/30-14:10:36.772850 783c          Options.blob_compaction_readahead_size: 0
2025/10/30-14:10:36.772856 783c                Options.blob_file_starting_level: 0
2025/10/30-14:10:36.772862 783c         Options.experimental_mempurge_threshold: 0.000000
2025/10/30-14:10:36.772869 783c            Options.memtable_max_range_deletions: 0
2025/10/30-14:10:36.774341 783c [db\version_set.cc:6174] Recovered from manifest file:C:\VCC\themis\data\themis_server/MANIFEST-002154 succeeded,manifest_file_number is 2154, next_file_number is 2156, last_sequence is 149, log_number is 2148,prev_log_number is 0,max_column_family is 0,min_log_number_to_keep is 0
2025/10/30-14:10:36.774358 783c [db\version_set.cc:6183] Column family [default] (ID 0), log number is 2148
2025/10/30-14:10:36.774528 783c [db\db_impl\db_impl_open.cc:692] DB ID: 91529813-b413-11f0-8e09-b42e99fe92b3
2025/10/30-14:10:36.775914 783c EVENT_LOG_v1 {"time_micros": 1761829836775809, "job": 1, "event": "recovery_started", "wal_files": [4, 10, 16, 22, 28, 34, 40, 46, 52, 58, 64, 70, 76, 82, 88, 94, 100, 106, 113, 120, 126, 133, 139, 145, 151, 157, 163, 169, 175, 181, 187, 193, 200, 208, 214, 221, 229, 235, 241, 247, 253, 259, 265, 271, 277, 283, 290, 297, 306, 313, 320, 326, 332, 338, 344, 350, 356, 362, 368, 374, 381, 388, 397, 404, 411, 417, 423, 429, 435, 441, 447, 453, 459, 465, 472, 482, 491, 498, 504, 510, 516, 522, 528, 534, 540, 546, 552, 558, 565, 572, 578, 585, 592, 598, 604, 610, 616, 622, 628, 634, 640, 646, 653, 663, 669, 676, 683, 689, 695, 701, 707, 713, 719, 725, 731, 737, 744, 751, 759, 766, 773, 779, 785, 791, 797, 803, 809, 815, 821, 827, 834, 844, 852, 859, 865, 871, 877, 883, 889, 895, 901, 907, 913, 919, 926, 933, 939, 946, 953, 959, 965, 971, 977, 983, 989, 995, 1001, 1007, 1014, 1023, 1029, 1036, 1043, 1049, 1055, 1061, 1067, 1073, 1079, 1085, 1091, 1097, 1104, 1111, 1119, 1126, 1133, 1139, 1145, 1151, 1157, 1163, 1169, 1175, 1181, 1187, 1193, 1200, 1209, 1217, 1224, 1230, 1236, 1242, 1248, 1254, 1260, 1266, 1272, 1278, 1284, 1291, 1298, 1304, 1311, 1318, 1324, 1330, 1336, 1342, 1348, 1354, 1360, 1366, 1372, 1379, 1388, 1394, 1401, 1408, 1414, 1420, 1426, 1432, 1438, 1444, 1450, 1456, 1462, 1469, 1476, 1484, 1491, 1498, 1504, 1510, 1516, 1523, 1532, 1538, 1544, 1550, 1556, 1562, 1568, 1574, 1580, 1586, 1592, 1598, 1604, 1610, 1616, 1622, 1628, 1634, 1640, 1646, 1652, 1658, 1664, 1670, 1676, 1683, 1690, 1696, 1703, 1711, 1717, 1723, 1729, 1735, 1741, 1747, 1753, 1759, 1765, 1771, 1778, 1785, 1791, 1798, 1804, 1810, 1816, 1822, 1828, 1834, 1840, 1846, 1852, 1858, 1864, 1870, 1876, 1882, 1888, 1894, 1900, 1906, 1912, 1919, 1929, 1935, 1942, 1948, 1954, 1960, 1966, 1972, 1978, 1984, 1991, 1997, 2003, 2009, 2015, 2021, 2027, 2034, 2043, 2051, 2058, 2064, 2070, 2076, 2082, 2088, 2094, 2100, 2107, 2114, 2121, 2129, 2135, 2141, 2147, 2153]}
2025/10/30-14:10:36.775941 783c [db\db_impl\db_impl_open.cc:1379] Recovering log #4 mode 2
2025/10/30-14:10:36.776045 783c [db\db_impl\db_impl_open.cc:1353] Recovered to log #4 next seq #72057594037927935
2025/10/30-14:10:36.776118 783c [db\db_impl\db_impl_open.cc:1379] Recovering log #10 mode 2
2025/10/30-14:10:36.776188 783c [db\db_impl\db_impl_open.cc:1353] Recovered to log #10 next seq #72057594037927935
2025/10/30-14:10:36.776251 783c [db\db_impl\db_impl_open.cc:1379] Recovering log #16 mode 2
2025/10/30-14:10:36.776331 783c [db\db_impl\db_impl_open.cc:1353] Recovered to log #16 next seq #72057594037927935
2025/10/30-14:10:36.776392 783c [db\db_impl\db_impl_open.cc:1379] Recovering log #22 mode 2
2025/10/30-14:10:36.776470 783c [db\db_impl\db_impl_open.cc:1353] Recovered to log #22 next seq #72057594037927935
2025/10/30-14:10:36.776531 783c [db\db_impl\db_impl_open.cc:1379] Recovering log #28 mode 2
2025/10/30-14:10:36.776594 783c [db\db_impl\db_impl_open.cc:1353] Recovered to log #28 next seq #72057594037927935
2025/10/30-14:10:36.776654 783c [db\db_impl\db_impl_open.cc:1379] Recovering log #34 mode 2
2025/10/30-14:10:36.776723 783c [db\db_impl\db_impl_open.cc:1353] Recovered to log #34 next seq #72057594037927935
2025/10/30-14:10:36.776784 783c [db\db_impl\db_impl_open.cc:1379] Recovering log #40 mode 2
2025/10/30-14:10:36.776846 783c [db\db_impl\db_impl_open.cc:1353] Recovered to log #40 next seq #72057594037927935
2025/10/30-14:10:36.776906 783c [db\db_impl\db_impl_open.cc:1379] Recovering log #46 mode 2
2025/10/30-14:10:36.777009 783c [db\db_impl\db_impl_open.cc:1353] Recovered to log #46 next seq #72057594037927935
2025/10/30-14:10:36.777106 783c [db\db_impl\db_impl_open.cc:1379] Recovering log #52 mode 2
2025/10/30-14:10:36.777167 783c [db\db_impl\db_impl_open.cc:1353] Recovered to log #52 next seq #72057594037927935
2025/10/30-14:10:36.777227 783c [db\db_impl\db_impl_open.cc:1379] Recovering log #58 mode 2
2025/10/30-14:10:36.777289 783c [db\db_impl\db_impl_open.cc:1353] Recovered to log #58 next seq #72057594037927935
2025/10/30-14:10:36.777349 783c [db\db_impl\db_impl_open.cc:1379] Recovering log #64 mode 2
2025/10/30-14:10:36.777410 783c [db\db_impl\db_impl_open.cc:1353] Recovered to log #64 next seq #72057594037927935
2025/10/30-14:10:36.777470 783c [db\db_impl\db_impl_open.cc:1379] Recovering log #70 mode 2
2025/10/30-14:10:36.777530 783c [db\db_impl\db_impl_open.cc:1353] Recovered to log #70 next seq #72057594037927935
2025/10/30-14:10:36.777589 783c [db\db_impl\db_impl_open.cc:1379] Recovering log #76 mode 2
2025/10/30-14:10:36.777650 783c [db\db_impl\db_impl_open.cc:1353] Recovered to log #76 next seq #72057594037927935
