2025/10/28-20:33:17.367864 609c RocksDB version: 10.4.2
2025/10/28-20:33:17.367978 609c Git sha 0
2025/10/28-20:33:17.368015 609c Compile date 2025-10-27 15:09:02
2025/10/28-20:33:17.368041 609c DB SUMMARY
2025/10/28-20:33:17.368064 609c Host name (Env):  DESKTOP-712S8LO
2025/10/28-20:33:17.368085 609c DB Session ID:  WOTJWIN6N3FR59CL6FVP
2025/10/28-20:33:17.375209 609c CURRENT file:  CURRENT
2025/10/28-20:33:17.375252 609c IDENTITY file:  IDENTITY
2025/10/28-20:33:17.375320 609c MANIFEST file:  MANIFEST-000927 size: 573 Bytes
2025/10/28-20:33:17.375350 609c SST files in C:\VCC\VCCDB\data\themis_server dir, Total Num: 4, files: 000839.sst 000849.sst 000858.sst 000925.sst 
2025/10/28-20:33:17.375380 609c Write Ahead Log file in C:\VCC\VCCDB\data\themis_server: 000004.log size: 0 ; 000010.log size: 0 ; 000016.log size: 0 ; 000022.log size: 0 ; 000028.log size: 0 ; 000034.log size: 0 ; 000040.log size: 0 ; 000046.log size: 0 ; 000052.log size: 0 ; 000058.log size: 0 ; 000064.log size: 0 ; 000070.log size: 0 ; 000076.log size: 0 ; 000082.log size: 0 ; 000088.log size: 0 ; 000094.log size: 0 ; 000100.log size: 0 ; 000106.log size: 42 ; 000113.log size: 90 ; 000120.log size: 0 ; 000126.log size: 86 ; 000133.log size: 0 ; 000139.log size: 0 ; 000145.log size: 0 ; 000151.log size: 0 ; 000157.log size: 0 ; 000163.log size: 0 ; 000169.log size: 0 ; 000175.log size: 0 ; 000181.log size: 0 ; 000187.log size: 0 ; 000193.log size: 42 ; 000200.log size: 90 ; 000208.log size: 0 ; 000214.log size: 86 ; 000221.log size: 0 ; 000229.log size: 0 ; 000235.log size: 0 ; 000241.log size: 0 ; 000247.log size: 0 ; 000253.log size: 0 ; 000259.log size: 0 ; 000265.log size: 0 ; 000271.log size: 0 ; 000277.log size: 0 ; 000283.log size: 42 ; 000290.log size: 90 ; 000297.log size: 0 ; 000306.log size: 86 ; 000313.log size: 0 ; 000320.log size: 0 ; 000326.log size: 0 ; 000332.log size: 0 ; 000338.log size: 0 ; 000344.log size: 0 ; 000350.log size: 0 ; 000356.log size: 0 ; 000362.log size: 0 ; 000368.log size: 0 ; 000374.log size: 42 ; 000381.log size: 90 ; 000388.log size: 0 ; 000397.log size: 86 ; 000404.log size: 0 ; 000411.log size: 0 ; 000417.log size: 0 ; 000423.log size: 0 ; 000429.log size: 0 ; 000435.log size: 0 ; 000441.log size: 0 ; 000447.log size: 0 ; 000453.log size: 0 ; 000459.log size: 0 ; 000465.log size: 42 ; 000472.log size: 90 ; 000482.log size: 0 ; 000491.log size: 86 ; 000498.log size: 0 ; 000504.log size: 0 ; 000510.log size: 0 ; 000516.log size: 0 ; 000522.log size: 0 ; 000528.log size: 0 ; 000534.log size: 0 ; 000540.log size: 0 ; 000546.log size: 0 ; 000552.log size: 0 ; 000558.log size: 42 ; 000565.log size: 90 ; 000572.log size: 0 ; 000578.log size: 86 ; 000585.log size: 0 ; 000592.log size: 0 ; 000598.log size: 0 ; 000604.log size: 0 ; 000610.log size: 0 ; 000616.log size: 0 ; 000622.log size: 0 ; 000628.log size: 0 ; 000634.log size: 0 ; 000640.log size: 0 ; 000646.log size: 42 ; 000653.log size: 90 ; 000663.log size: 0 ; 000669.log size: 86 ; 000676.log size: 0 ; 000683.log size: 0 ; 000689.log size: 0 ; 000695.log size: 0 ; 000701.log size: 0 ; 000707.log size: 0 ; 000713.log size: 0 ; 000719.log size: 0 ; 000725.log size: 0 ; 000731.log size: 0 ; 000737.log size: 42 ; 000744.log size: 90 ; 000751.log size: 0 ; 000759.log size: 86 ; 000766.log size: 0 ; 000773.log size: 0 ; 000779.log size: 0 ; 000785.log size: 0 ; 000791.log size: 0 ; 000797.log size: 0 ; 000803.log size: 0 ; 000809.log size: 0 ; 000815.log size: 0 ; 000821.log size: 0 ; 000827.log size: 42 ; 000834.log size: 90 ; 000844.log size: 0 ; 000852.log size: 86 ; 000859.log size: 0 ; 000865.log size: 0 ; 000871.log size: 0 ; 000877.log size: 0 ; 000883.log size: 0 ; 000889.log size: 0 ; 000895.log size: 0 ; 000901.log size: 0 ; 000907.log size: 0 ; 000913.log size: 0 ; 000919.log size: 42 ; 000926.log size: 90 ; 
2025/10/28-20:33:17.575510 609c                         Options.error_if_exists: 0
2025/10/28-20:33:17.575536 609c                       Options.create_if_missing: 1
2025/10/28-20:33:17.575549 609c                         Options.paranoid_checks: 1
2025/10/28-20:33:17.575560 609c             Options.flush_verify_memtable_count: 1
2025/10/28-20:33:17.575613 609c          Options.compaction_verify_record_count: 1
2025/10/28-20:33:17.575627 609c                               Options.track_and_verify_wals_in_manifest: 0
2025/10/28-20:33:17.575637 609c                               Options.track_and_verify_wals: 0
2025/10/28-20:33:17.575647 609c        Options.verify_sst_unique_id_in_manifest: 1
2025/10/28-20:33:17.575657 609c                                     Options.env: 000001EFD32C4630
2025/10/28-20:33:17.575667 609c                                      Options.fs: WinFS
2025/10/28-20:33:17.575677 609c                                Options.info_log: 000001EFD3315830
2025/10/28-20:33:17.575687 609c                Options.max_file_opening_threads: 16
2025/10/28-20:33:17.575698 609c                              Options.statistics: 000001EFD334E9D0
2025/10/28-20:33:17.575710 609c                              Options.statistics stats level: 1
2025/10/28-20:33:17.575717 609c                               Options.use_fsync: 0
2025/10/28-20:33:17.575724 609c                       Options.max_log_file_size: 0
2025/10/28-20:33:17.575731 609c                  Options.max_manifest_file_size: 1073741824
2025/10/28-20:33:17.575738 609c                   Options.log_file_time_to_roll: 0
2025/10/28-20:33:17.575744 609c                       Options.keep_log_file_num: 1000
2025/10/28-20:33:17.575750 609c                    Options.recycle_log_file_num: 0
2025/10/28-20:33:17.575757 609c                         Options.allow_fallocate: 1
2025/10/28-20:33:17.575763 609c                        Options.allow_mmap_reads: 0
2025/10/28-20:33:17.575788 609c                       Options.allow_mmap_writes: 0
2025/10/28-20:33:17.575795 609c                        Options.use_direct_reads: 0
2025/10/28-20:33:17.575803 609c                        Options.use_direct_io_for_flush_and_compaction: 0
2025/10/28-20:33:17.575810 609c          Options.create_missing_column_families: 0
2025/10/28-20:33:17.575818 609c                              Options.db_log_dir: 
2025/10/28-20:33:17.575824 609c                                 Options.wal_dir: 
2025/10/28-20:33:17.575831 609c                Options.table_cache_numshardbits: 6
2025/10/28-20:33:17.575837 609c                         Options.WAL_ttl_seconds: 0
2025/10/28-20:33:17.575861 609c                       Options.WAL_size_limit_MB: 0
2025/10/28-20:33:17.575887 609c                        Options.max_write_batch_group_size_bytes: 1048576
2025/10/28-20:33:17.575895 609c             Options.manifest_preallocation_size: 4194304
2025/10/28-20:33:17.575903 609c                     Options.is_fd_close_on_exec: 1
2025/10/28-20:33:17.575909 609c                   Options.advise_random_on_open: 1
2025/10/28-20:33:17.575915 609c                    Options.db_write_buffer_size: 0
2025/10/28-20:33:17.575922 609c                    Options.write_buffer_manager: 000001EFD32C4450
2025/10/28-20:33:17.575929 609c                      Options.use_adaptive_mutex: 0
2025/10/28-20:33:17.575952 609c                            Options.rate_limiter: 0000000000000000
2025/10/28-20:33:17.575960 609c     Options.sst_file_manager.rate_bytes_per_sec: 0
2025/10/28-20:33:17.575968 609c                       Options.wal_recovery_mode: 2
2025/10/28-20:33:17.575975 609c                  Options.enable_thread_tracking: 0
2025/10/28-20:33:17.575981 609c                  Options.enable_pipelined_write: 0
2025/10/28-20:33:17.575991 609c                  Options.unordered_write: 0
2025/10/28-20:33:17.575997 609c         Options.allow_concurrent_memtable_write: 1
2025/10/28-20:33:17.576003 609c      Options.enable_write_thread_adaptive_yield: 1
2025/10/28-20:33:17.576009 609c             Options.write_thread_max_yield_usec: 100
2025/10/28-20:33:17.576017 609c            Options.write_thread_slow_yield_usec: 3
2025/10/28-20:33:17.576024 609c                               Options.row_cache: None
2025/10/28-20:33:17.576031 609c                              Options.wal_filter: None
2025/10/28-20:33:17.576058 609c             Options.avoid_flush_during_recovery: 0
2025/10/28-20:33:17.576110 609c             Options.allow_ingest_behind: 0
2025/10/28-20:33:17.576120 609c             Options.two_write_queues: 0
2025/10/28-20:33:17.576128 609c             Options.manual_wal_flush: 0
2025/10/28-20:33:17.576134 609c             Options.wal_compression: 0
2025/10/28-20:33:17.576142 609c             Options.background_close_inactive_wals: 0
2025/10/28-20:33:17.576149 609c             Options.atomic_flush: 0
2025/10/28-20:33:17.576156 609c             Options.avoid_unnecessary_blocking_io: 0
2025/10/28-20:33:17.576181 609c             Options.prefix_seek_opt_in_only: 0
2025/10/28-20:33:17.576207 609c                 Options.persist_stats_to_disk: 0
2025/10/28-20:33:17.576213 609c                 Options.write_dbid_to_manifest: 1
2025/10/28-20:33:17.576219 609c                 Options.write_identity_file: 1
2025/10/28-20:33:17.576225 609c                 Options.log_readahead_size: 0
2025/10/28-20:33:17.576232 609c                 Options.file_checksum_gen_factory: Unknown
2025/10/28-20:33:17.576240 609c                 Options.best_efforts_recovery: 0
2025/10/28-20:33:17.576246 609c                Options.max_bgerror_resume_count: 2147483647
2025/10/28-20:33:17.576253 609c            Options.bgerror_resume_retry_interval: 1000000
2025/10/28-20:33:17.576259 609c             Options.allow_data_in_errors: 0
2025/10/28-20:33:17.576265 609c             Options.db_host_id: __hostname__
2025/10/28-20:33:17.576272 609c             Options.enforce_single_del_contracts: true
2025/10/28-20:33:17.576278 609c             Options.metadata_write_temperature: kUnknown
2025/10/28-20:33:17.576306 609c             Options.wal_write_temperature: kUnknown
2025/10/28-20:33:17.576314 609c             Options.max_background_jobs: 4
2025/10/28-20:33:17.576321 609c             Options.max_background_compactions: -1
2025/10/28-20:33:17.576328 609c             Options.max_subcompactions: 1
2025/10/28-20:33:17.576353 609c             Options.avoid_flush_during_shutdown: 0
2025/10/28-20:33:17.576360 609c           Options.writable_file_max_buffer_size: 1048576
2025/10/28-20:33:17.576367 609c             Options.delayed_write_rate : 16777216
2025/10/28-20:33:17.576374 609c             Options.max_total_wal_size: 0
2025/10/28-20:33:17.576382 609c             Options.delete_obsolete_files_period_micros: 21600000000
2025/10/28-20:33:17.576389 609c                   Options.stats_dump_period_sec: 600
2025/10/28-20:33:17.576397 609c                 Options.stats_persist_period_sec: 600
2025/10/28-20:33:17.576404 609c                 Options.stats_history_buffer_size: 1048576
2025/10/28-20:33:17.576412 609c                          Options.max_open_files: -1
2025/10/28-20:33:17.576437 609c                          Options.bytes_per_sync: 0
2025/10/28-20:33:17.576443 609c                      Options.wal_bytes_per_sync: 0
2025/10/28-20:33:17.576470 609c                   Options.strict_bytes_per_sync: 0
2025/10/28-20:33:17.576477 609c       Options.compaction_readahead_size: 2097152
2025/10/28-20:33:17.576485 609c                  Options.max_background_flushes: -1
2025/10/28-20:33:17.576491 609c Options.daily_offpeak_time_utc: 
2025/10/28-20:33:17.576498 609c Compression algorithms supported:
2025/10/28-20:33:17.576505 609c 	kZSTD supported: 1
2025/10/28-20:33:17.576529 609c 	kCustomCompressionA3 supported: 0
2025/10/28-20:33:17.576559 609c 	kSnappyCompression supported: 0
2025/10/28-20:33:17.576565 609c 	kCustomCompressionA5 supported: 0
2025/10/28-20:33:17.576573 609c 	kBZip2Compression supported: 0
2025/10/28-20:33:17.576581 609c 	kZlibCompression supported: 1
2025/10/28-20:33:17.576588 609c 	kLZ4Compression supported: 1
2025/10/28-20:33:17.576595 609c 	kXpressCompression supported: 0
2025/10/28-20:33:17.576602 609c 	kCustomCompressionA7 supported: 0
2025/10/28-20:33:17.576609 609c 	kLZ4HCCompression supported: 1
2025/10/28-20:33:17.576615 609c 	kCustomCompressionB2 supported: 0
2025/10/28-20:33:17.576622 609c 	kCustomCompression9C supported: 0
2025/10/28-20:33:17.576630 609c 	kCustomCompression80 supported: 0
2025/10/28-20:33:17.576639 609c 	kCustomCompressionB3 supported: 0
2025/10/28-20:33:17.576648 609c 	kCustomCompression9B supported: 0
2025/10/28-20:33:17.576654 609c 	kCustomCompression81 supported: 0
2025/10/28-20:33:17.576662 609c 	kCustomCompressionB0 supported: 0
2025/10/28-20:33:17.576668 609c 	kCustomCompression9A supported: 0
2025/10/28-20:33:17.576675 609c 	kCustomCompression82 supported: 0
2025/10/28-20:33:17.576682 609c 	kCustomCompressionB1 supported: 0
2025/10/28-20:33:17.576689 609c 	kCustomCompression83 supported: 0
2025/10/28-20:33:17.576696 609c 	kCustomCompressionB6 supported: 0
2025/10/28-20:33:17.576703 609c 	kCustomCompression84 supported: 0
2025/10/28-20:33:17.576709 609c 	kCustomCompressionB7 supported: 0
2025/10/28-20:33:17.576716 609c 	kCustomCompression9F supported: 0
2025/10/28-20:33:17.576723 609c 	kCustomCompression85 supported: 0
2025/10/28-20:33:17.576729 609c 	kCustomCompressionB4 supported: 0
2025/10/28-20:33:17.576736 609c 	kCustomCompression9E supported: 0
2025/10/28-20:33:17.576743 609c 	kCustomCompression86 supported: 0
2025/10/28-20:33:17.576751 609c 	kCustomCompressionB5 supported: 0
2025/10/28-20:33:17.576758 609c 	kCustomCompression9D supported: 0
2025/10/28-20:33:17.576765 609c 	kCustomCompression87 supported: 0
2025/10/28-20:33:17.576772 609c 	kCustomCompression88 supported: 0
2025/10/28-20:33:17.576778 609c 	kCustomCompression89 supported: 0
2025/10/28-20:33:17.576785 609c 	kCustomCompression92 supported: 0
2025/10/28-20:33:17.576791 609c 	kCustomCompression8A supported: 0
2025/10/28-20:33:17.576799 609c 	kCustomCompression91 supported: 0
2025/10/28-20:33:17.576807 609c 	kCustomCompression8B supported: 0
2025/10/28-20:33:17.576814 609c 	kCustomCompression90 supported: 0
2025/10/28-20:33:17.576820 609c 	kCustomCompression8C supported: 0
2025/10/28-20:33:17.576827 609c 	kCustomCompression97 supported: 0
2025/10/28-20:33:17.576833 609c 	kCustomCompression8D supported: 0
2025/10/28-20:33:17.576840 609c 	kCustomCompression96 supported: 0
2025/10/28-20:33:17.576847 609c 	kCustomCompression8E supported: 0
2025/10/28-20:33:17.576854 609c 	kCustomCompression95 supported: 0
2025/10/28-20:33:17.576861 609c 	kCustomCompression8F supported: 0
2025/10/28-20:33:17.576867 609c 	kCustomCompression93 supported: 0
2025/10/28-20:33:17.576874 609c 	kCustomCompression94 supported: 0
2025/10/28-20:33:17.576881 609c 	kCustomCompression98 supported: 0
2025/10/28-20:33:17.576887 609c 	kCustomCompression99 supported: 0
2025/10/28-20:33:17.576894 609c 	kCustomCompressionA0 supported: 0
2025/10/28-20:33:17.576901 609c 	kCustomCompressionA1 supported: 0
2025/10/28-20:33:17.576908 609c 	kCustomCompressionA2 supported: 0
2025/10/28-20:33:17.576916 609c 	kCustomCompressionA4 supported: 0
2025/10/28-20:33:17.576923 609c 	kCustomCompressionA6 supported: 0
2025/10/28-20:33:17.576930 609c 	kCustomCompressionA8 supported: 0
2025/10/28-20:33:17.576937 609c 	kCustomCompressionA9 supported: 0
2025/10/28-20:33:17.576943 609c 	kCustomCompressionAA supported: 0
2025/10/28-20:33:17.576950 609c 	kCustomCompressionAB supported: 0
2025/10/28-20:33:17.576957 609c 	kCustomCompressionAC supported: 0
2025/10/28-20:33:17.576965 609c 	kCustomCompressionAD supported: 0
2025/10/28-20:33:17.576972 609c 	kCustomCompressionAE supported: 0
2025/10/28-20:33:17.576980 609c 	kCustomCompressionAF supported: 0
2025/10/28-20:33:17.576986 609c 	kCustomCompressionB8 supported: 0
2025/10/28-20:33:17.576993 609c 	kCustomCompressionB9 supported: 0
2025/10/28-20:33:17.577000 609c 	kCustomCompressionBA supported: 0
2025/10/28-20:33:17.577007 609c 	kCustomCompressionBB supported: 0
2025/10/28-20:33:17.577014 609c 	kCustomCompressionBC supported: 0
2025/10/28-20:33:17.577022 609c 	kCustomCompressionBD supported: 0
2025/10/28-20:33:17.577029 609c 	kCustomCompressionBE supported: 0
2025/10/28-20:33:17.577036 609c 	kCustomCompressionBF supported: 0
2025/10/28-20:33:17.577043 609c 	kCustomCompressionC0 supported: 0
2025/10/28-20:33:17.577050 609c 	kCustomCompressionC1 supported: 0
2025/10/28-20:33:17.577056 609c 	kCustomCompressionC2 supported: 0
2025/10/28-20:33:17.577083 609c 	kCustomCompressionC3 supported: 0
2025/10/28-20:33:17.577093 609c 	kCustomCompressionC4 supported: 0
2025/10/28-20:33:17.577101 609c 	kCustomCompressionC5 supported: 0
2025/10/28-20:33:17.577109 609c 	kCustomCompressionC6 supported: 0
2025/10/28-20:33:17.577116 609c 	kCustomCompressionC7 supported: 0
2025/10/28-20:33:17.577123 609c 	kCustomCompressionC8 supported: 0
2025/10/28-20:33:17.577130 609c 	kCustomCompressionC9 supported: 0
2025/10/28-20:33:17.577136 609c 	kCustomCompressionCA supported: 0
2025/10/28-20:33:17.577143 609c 	kCustomCompressionCB supported: 0
2025/10/28-20:33:17.577150 609c 	kCustomCompressionCC supported: 0
2025/10/28-20:33:17.577158 609c 	kCustomCompressionCD supported: 0
2025/10/28-20:33:17.577165 609c 	kCustomCompressionCE supported: 0
2025/10/28-20:33:17.577173 609c 	kCustomCompressionCF supported: 0
2025/10/28-20:33:17.577188 609c 	kCustomCompressionD0 supported: 0
2025/10/28-20:33:17.577196 609c 	kCustomCompressionD1 supported: 0
2025/10/28-20:33:17.577203 609c 	kCustomCompressionD2 supported: 0
2025/10/28-20:33:17.577210 609c 	kCustomCompressionD3 supported: 0
2025/10/28-20:33:17.577218 609c 	kCustomCompressionD4 supported: 0
2025/10/28-20:33:17.577225 609c 	kCustomCompressionD5 supported: 0
2025/10/28-20:33:17.577232 609c 	kCustomCompressionD6 supported: 0
2025/10/28-20:33:17.577239 609c 	kCustomCompressionD7 supported: 0
2025/10/28-20:33:17.577246 609c 	kCustomCompressionD8 supported: 0
2025/10/28-20:33:17.577252 609c 	kCustomCompressionD9 supported: 0
2025/10/28-20:33:17.577259 609c 	kCustomCompressionDA supported: 0
2025/10/28-20:33:17.577265 609c 	kCustomCompressionDB supported: 0
2025/10/28-20:33:17.577273 609c 	kCustomCompressionDC supported: 0
2025/10/28-20:33:17.577280 609c 	kCustomCompressionDD supported: 0
2025/10/28-20:33:17.577287 609c 	kCustomCompressionDE supported: 0
2025/10/28-20:33:17.577294 609c 	kCustomCompressionDF supported: 0
2025/10/28-20:33:17.577301 609c 	kCustomCompressionE0 supported: 0
2025/10/28-20:33:17.577308 609c 	kCustomCompressionE1 supported: 0
2025/10/28-20:33:17.577314 609c 	kCustomCompressionE2 supported: 0
2025/10/28-20:33:17.577321 609c 	kCustomCompressionE3 supported: 0
2025/10/28-20:33:17.577329 609c 	kCustomCompressionE4 supported: 0
2025/10/28-20:33:17.577336 609c 	kCustomCompressionE5 supported: 0
2025/10/28-20:33:17.577344 609c 	kCustomCompressionE6 supported: 0
2025/10/28-20:33:17.577351 609c 	kCustomCompressionE7 supported: 0
2025/10/28-20:33:17.577358 609c 	kCustomCompressionE8 supported: 0
2025/10/28-20:33:17.577365 609c 	kCustomCompressionE9 supported: 0
2025/10/28-20:33:17.577372 609c 	kCustomCompressionEA supported: 0
2025/10/28-20:33:17.577378 609c 	kCustomCompressionEB supported: 0
2025/10/28-20:33:17.577386 609c 	kCustomCompressionEC supported: 0
2025/10/28-20:33:17.577394 609c 	kCustomCompressionED supported: 0
2025/10/28-20:33:17.577401 609c 	kCustomCompressionEE supported: 0
2025/10/28-20:33:17.577409 609c 	kCustomCompressionEF supported: 0
2025/10/28-20:33:17.577415 609c 	kCustomCompressionF0 supported: 0
2025/10/28-20:33:17.577422 609c 	kCustomCompressionF1 supported: 0
2025/10/28-20:33:17.577429 609c 	kCustomCompressionF2 supported: 0
2025/10/28-20:33:17.577436 609c 	kCustomCompressionF3 supported: 0
2025/10/28-20:33:17.577443 609c 	kCustomCompressionF4 supported: 0
2025/10/28-20:33:17.577451 609c 	kCustomCompressionF5 supported: 0
2025/10/28-20:33:17.577458 609c 	kCustomCompressionF6 supported: 0
2025/10/28-20:33:17.577465 609c 	kCustomCompressionF7 supported: 0
2025/10/28-20:33:17.577472 609c 	kCustomCompressionF8 supported: 0
2025/10/28-20:33:17.577479 609c 	kCustomCompressionF9 supported: 0
2025/10/28-20:33:17.577485 609c 	kCustomCompressionFA supported: 0
2025/10/28-20:33:17.577492 609c 	kCustomCompressionFB supported: 0
2025/10/28-20:33:17.577500 609c 	kCustomCompressionFC supported: 0
2025/10/28-20:33:17.577508 609c 	kCustomCompressionFD supported: 0
2025/10/28-20:33:17.577515 609c 	kCustomCompressionFE supported: 0
2025/10/28-20:33:17.577527 609c Fast CRC32 supported: Not supported on x86
2025/10/28-20:33:17.577538 609c DMutex implementation: std::mutex
2025/10/28-20:33:17.577546 609c Jemalloc supported: 0
2025/10/28-20:33:17.578226 609c [db\version_set.cc:6116] Recovering from manifest file: C:\VCC\VCCDB\data\themis_server/MANIFEST-000927
2025/10/28-20:33:17.579457 609c [db\column_family.cc:692] --------------- Options for column family [default]:
2025/10/28-20:33:17.579478 609c               Options.comparator: leveldb.BytewiseComparator
2025/10/28-20:33:17.579488 609c           Options.merge_operator: None
2025/10/28-20:33:17.579495 609c        Options.compaction_filter: None
2025/10/28-20:33:17.579501 609c        Options.compaction_filter_factory: None
2025/10/28-20:33:17.579508 609c  Options.sst_partitioner_factory: None
2025/10/28-20:33:17.579515 609c         Options.memtable_factory: SkipListFactory
2025/10/28-20:33:17.579522 609c            Options.table_factory: BlockBasedTable
2025/10/28-20:33:17.579560 609c            table_factory options:   flush_block_policy_factory: FlushBlockBySizePolicyFactory (000001EFD33526E0)
  cache_index_and_filter_blocks: 1
  cache_index_and_filter_blocks_with_high_priority: 1
  pin_l0_filter_and_index_blocks_in_cache: 1
  pin_top_level_index_and_filter: 1
  index_type: 0
  data_block_index_type: 0
  index_shortening: 1
  data_block_hash_table_util_ratio: 0.750000
  checksum: 4
  no_block_cache: 0
  block_cache: 000001EFD334B570
  block_cache_name: LRUCache
  block_cache_options:
    capacity : 1073741824
    num_shard_bits : 6
    strict_capacity_limit : 0
    memory_allocator : None
    high_pri_pool_ratio: 0.500
    low_pri_pool_ratio: 0.000
  persistent_cache: 0000000000000000
  block_size: 4096
  block_size_deviation: 10
  block_restart_interval: 16
  index_block_restart_interval: 1
  metadata_block_size: 4096
  partition_filters: 0
  use_delta_encoding: 1
  filter_policy: bloomfilter
  whole_key_filtering: 1
  verify_compression: 0
  read_amp_bytes_per_bit: 0
  format_version: 6
  enable_index_compression: 1
  block_align: 0
  max_auto_readahead_size: 262144
  prepopulate_block_cache: 0
  initial_auto_readahead_size: 8192
  num_file_reads_for_auto_readahead: 2
2025/10/28-20:33:17.579572 609c        Options.write_buffer_size: 268435456
2025/10/28-20:33:17.579580 609c  Options.max_write_buffer_number: 3
2025/10/28-20:33:17.579587 609c          Options.compression: LZ4
2025/10/28-20:33:17.579594 609c                  Options.bottommost_compression: ZSTD
2025/10/28-20:33:17.579602 609c       Options.prefix_extractor: nullptr
2025/10/28-20:33:17.579608 609c   Options.memtable_insert_with_hint_prefix_extractor: nullptr
2025/10/28-20:33:17.579615 609c             Options.num_levels: 7
2025/10/28-20:33:17.579623 609c        Options.min_write_buffer_number_to_merge: 1
2025/10/28-20:33:17.579630 609c     Options.max_write_buffer_size_to_maintain: 805306368
2025/10/28-20:33:17.579637 609c            Options.bottommost_compression_opts.window_bits: -14
2025/10/28-20:33:17.579644 609c                  Options.bottommost_compression_opts.level: 32767
2025/10/28-20:33:17.579651 609c               Options.bottommost_compression_opts.strategy: 0
2025/10/28-20:33:17.579657 609c         Options.bottommost_compression_opts.max_dict_bytes: 0
2025/10/28-20:33:17.579664 609c         Options.bottommost_compression_opts.zstd_max_train_bytes: 0
2025/10/28-20:33:17.579671 609c         Options.bottommost_compression_opts.parallel_threads: 1
2025/10/28-20:33:17.579679 609c                  Options.bottommost_compression_opts.enabled: false
2025/10/28-20:33:17.579687 609c         Options.bottommost_compression_opts.max_dict_buffer_bytes: 0
2025/10/28-20:33:17.579695 609c         Options.bottommost_compression_opts.use_zstd_dict_trainer: true
2025/10/28-20:33:17.579702 609c            Options.compression_opts.window_bits: -14
2025/10/28-20:33:17.579709 609c                  Options.compression_opts.level: 32767
2025/10/28-20:33:17.579715 609c               Options.compression_opts.strategy: 0
2025/10/28-20:33:17.579722 609c         Options.compression_opts.max_dict_bytes: 0
2025/10/28-20:33:17.579732 609c         Options.compression_opts.zstd_max_train_bytes: 0
2025/10/28-20:33:17.579742 609c         Options.compression_opts.use_zstd_dict_trainer: true
2025/10/28-20:33:17.579750 609c         Options.compression_opts.parallel_threads: 1
2025/10/28-20:33:17.579757 609c                  Options.compression_opts.enabled: false
2025/10/28-20:33:17.579764 609c         Options.compression_opts.max_dict_buffer_bytes: 0
2025/10/28-20:33:17.579771 609c      Options.level0_file_num_compaction_trigger: 4
2025/10/28-20:33:17.579778 609c          Options.level0_slowdown_writes_trigger: 20
2025/10/28-20:33:17.579786 609c              Options.level0_stop_writes_trigger: 36
2025/10/28-20:33:17.579793 609c                   Options.target_file_size_base: 67108864
2025/10/28-20:33:17.579801 609c             Options.target_file_size_multiplier: 1
2025/10/28-20:33:17.579808 609c                Options.max_bytes_for_level_base: 268435456
2025/10/28-20:33:17.579816 609c Options.level_compaction_dynamic_level_bytes: 1
2025/10/28-20:33:17.579837 609c          Options.max_bytes_for_level_multiplier: 10.000000
2025/10/28-20:33:17.579846 609c Options.max_bytes_for_level_multiplier_addtl[0]: 1
2025/10/28-20:33:17.579854 609c Options.max_bytes_for_level_multiplier_addtl[1]: 1
2025/10/28-20:33:17.579861 609c Options.max_bytes_for_level_multiplier_addtl[2]: 1
2025/10/28-20:33:17.579868 609c Options.max_bytes_for_level_multiplier_addtl[3]: 1
2025/10/28-20:33:17.579876 609c Options.max_bytes_for_level_multiplier_addtl[4]: 1
2025/10/28-20:33:17.579883 609c Options.max_bytes_for_level_multiplier_addtl[5]: 1
2025/10/28-20:33:17.579890 609c Options.max_bytes_for_level_multiplier_addtl[6]: 1
2025/10/28-20:33:17.579897 609c       Options.max_sequential_skip_in_iterations: 8
2025/10/28-20:33:17.579904 609c          Options.memtable_op_scan_flush_trigger: 0
2025/10/28-20:33:17.579911 609c      Options.memtable_avg_op_scan_flush_trigger: 0
2025/10/28-20:33:17.579918 609c                    Options.max_compaction_bytes: 1677721600
2025/10/28-20:33:17.579926 609c                        Options.arena_block_size: 1048576
2025/10/28-20:33:17.579934 609c   Options.soft_pending_compaction_bytes_limit: 68719476736
2025/10/28-20:33:17.579942 609c   Options.hard_pending_compaction_bytes_limit: 274877906944
2025/10/28-20:33:17.579949 609c                Options.disable_auto_compactions: 1
2025/10/28-20:33:17.579960 609c                        Options.compaction_style: kCompactionStyleLevel
2025/10/28-20:33:17.579969 609c                          Options.compaction_pri: kMinOverlappingRatio
2025/10/28-20:33:17.579976 609c Options.compaction_options_universal.size_ratio: 1
2025/10/28-20:33:17.579984 609c Options.compaction_options_universal.min_merge_width: 2
2025/10/28-20:33:17.579991 609c Options.compaction_options_universal.max_merge_width: 4294967295
2025/10/28-20:33:17.579999 609c Options.compaction_options_universal.max_size_amplification_percent: 200
2025/10/28-20:33:17.580005 609c Options.compaction_options_universal.compression_size_percent: -1
2025/10/28-20:33:17.580012 609c Options.compaction_options_universal.stop_style: kCompactionStopStyleTotalSize
2025/10/28-20:33:17.580020 609c Options.compaction_options_universal.max_read_amp: -1
2025/10/28-20:33:17.580026 609c Options.compaction_options_universal.reduce_file_locking: 0
2025/10/28-20:33:17.580033 609c Options.compaction_options_fifo.max_table_files_size: 1073741824
2025/10/28-20:33:17.580041 609c Options.compaction_options_fifo.allow_compaction: 0
2025/10/28-20:33:17.580050 609c                   Options.table_properties_collectors: 
2025/10/28-20:33:17.580058 609c                   Options.inplace_update_support: 0
2025/10/28-20:33:17.580064 609c                 Options.inplace_update_num_locks: 10000
2025/10/28-20:33:17.580071 609c               Options.memtable_prefix_bloom_size_ratio: 0.000000
2025/10/28-20:33:17.580078 609c               Options.memtable_whole_key_filtering: 0
2025/10/28-20:33:17.580085 609c   Options.memtable_huge_page_size: 0
2025/10/28-20:33:17.580094 609c                           Options.bloom_locality: 0
2025/10/28-20:33:17.580103 609c                    Options.max_successive_merges: 0
2025/10/28-20:33:17.580111 609c             Options.strict_max_successive_merges: 0
2025/10/28-20:33:17.580118 609c                Options.optimize_filters_for_hits: 0
2025/10/28-20:33:17.580126 609c                Options.paranoid_file_checks: 0
2025/10/28-20:33:17.580133 609c                Options.force_consistency_checks: 1
2025/10/28-20:33:17.580139 609c                Options.report_bg_io_stats: 0
2025/10/28-20:33:17.580146 609c                Options.disallow_memtable_writes: 0
2025/10/28-20:33:17.580153 609c                               Options.ttl: 2592000
2025/10/28-20:33:17.580160 609c          Options.periodic_compaction_seconds: 0
2025/10/28-20:33:17.580168 609c                        Options.default_temperature: kUnknown
2025/10/28-20:33:17.580176 609c  Options.preclude_last_level_data_seconds: 0
2025/10/28-20:33:17.580183 609c    Options.preserve_internal_time_seconds: 0
2025/10/28-20:33:17.580190 609c                       Options.enable_blob_files: false
2025/10/28-20:33:17.580197 609c                           Options.min_blob_size: 0
2025/10/28-20:33:17.580204 609c                          Options.blob_file_size: 268435456
2025/10/28-20:33:17.580211 609c                   Options.blob_compression_type: NoCompression
2025/10/28-20:33:17.580219 609c          Options.enable_blob_garbage_collection: false
2025/10/28-20:33:17.580226 609c      Options.blob_garbage_collection_age_cutoff: 0.250000
2025/10/28-20:33:17.580234 609c Options.blob_garbage_collection_force_threshold: 1.000000
2025/10/28-20:33:17.580241 609c          Options.blob_compaction_readahead_size: 0
2025/10/28-20:33:17.580248 609c                Options.blob_file_starting_level: 0
2025/10/28-20:33:17.580255 609c         Options.experimental_mempurge_threshold: 0.000000
2025/10/28-20:33:17.580262 609c            Options.memtable_max_range_deletions: 0
2025/10/28-20:33:17.581598 609c [db\version_set.cc:6174] Recovered from manifest file:C:\VCC\VCCDB\data\themis_server/MANIFEST-000927 succeeded,manifest_file_number is 927, next_file_number is 929, last_sequence is 46, log_number is 920,prev_log_number is 0,max_column_family is 0,min_log_number_to_keep is 0
2025/10/28-20:33:17.581617 609c [db\version_set.cc:6183] Column family [default] (ID 0), log number is 920
2025/10/28-20:33:17.581794 609c [db\db_impl\db_impl_open.cc:692] DB ID: 91529813-b413-11f0-8e09-b42e99fe92b3
2025/10/28-20:33:17.582788 609c EVENT_LOG_v1 {"time_micros": 1761679997582713, "job": 1, "event": "recovery_started", "wal_files": [4, 10, 16, 22, 28, 34, 40, 46, 52, 58, 64, 70, 76, 82, 88, 94, 100, 106, 113, 120, 126, 133, 139, 145, 151, 157, 163, 169, 175, 181, 187, 193, 200, 208, 214, 221, 229, 235, 241, 247, 253, 259, 265, 271, 277, 283, 290, 297, 306, 313, 320, 326, 332, 338, 344, 350, 356, 362, 368, 374, 381, 388, 397, 404, 411, 417, 423, 429, 435, 441, 447, 453, 459, 465, 472, 482, 491, 498, 504, 510, 516, 522, 528, 534, 540, 546, 552, 558, 565, 572, 578, 585, 592, 598, 604, 610, 616, 622, 628, 634, 640, 646, 653, 663, 669, 676, 683, 689, 695, 701, 707, 713, 719, 725, 731, 737, 744, 751, 759, 766, 773, 779, 785, 791, 797, 803, 809, 815, 821, 827, 834, 844, 852, 859, 865, 871, 877, 883, 889, 895, 901, 907, 913, 919, 926]}
2025/10/28-20:33:17.582807 609c [db\db_impl\db_impl_open.cc:1379] Recovering log #4 mode 2
2025/10/28-20:33:17.582905 609c [db\db_impl\db_impl_open.cc:1353] Recovered to log #4 next seq #72057594037927935
2025/10/28-20:33:17.582985 609c [db\db_impl\db_impl_open.cc:1379] Recovering log #10 mode 2
2025/10/28-20:33:17.583058 609c [db\db_impl\db_impl_open.cc:1353] Recovered to log #10 next seq #72057594037927935
2025/10/28-20:33:17.583128 609c [db\db_impl\db_impl_open.cc:1379] Recovering log #16 mode 2
2025/10/28-20:33:17.583197 609c [db\db_impl\db_impl_open.cc:1353] Recovered to log #16 next seq #72057594037927935
2025/10/28-20:33:17.583265 609c [db\db_impl\db_impl_open.cc:1379] Recovering log #22 mode 2
2025/10/28-20:33:17.583372 609c [db\db_impl\db_impl_open.cc:1353] Recovered to log #22 next seq #72057594037927935
2025/10/28-20:33:17.583447 609c [db\db_impl\db_impl_open.cc:1379] Recovering log #28 mode 2
2025/10/28-20:33:17.583516 609c [db\db_impl\db_impl_open.cc:1353] Recovered to log #28 next seq #72057594037927935
2025/10/28-20:33:17.583583 609c [db\db_impl\db_impl_open.cc:1379] Recovering log #34 mode 2
2025/10/28-20:33:17.583670 609c [db\db_impl\db_impl_open.cc:1353] Recovered to log #34 next seq #72057594037927935
2025/10/28-20:33:17.583797 609c [db\db_impl\db_impl_open.cc:1379] Recovering log #40 mode 2
2025/10/28-20:33:17.583910 609c [db\db_impl\db_impl_open.cc:1353] Recovered to log #40 next seq #72057594037927935
2025/10/28-20:33:17.583979 609c [db\db_impl\db_impl_open.cc:1379] Recovering log #46 mode 2
2025/10/28-20:33:17.584047 609c [db\db_impl\db_impl_open.cc:1353] Recovered to log #46 next seq #72057594037927935
2025/10/28-20:33:17.584119 609c [db\db_impl\db_impl_open.cc:1379] Recovering log #52 mode 2
2025/10/28-20:33:17.584194 609c [db\db_impl\db_impl_open.cc:1353] Recovered to log #52 next seq #72057594037927935
2025/10/28-20:33:17.584262 609c [db\db_impl\db_impl_open.cc:1379] Recovering log #58 mode 2
2025/10/28-20:33:17.584336 609c [db\db_impl\db_impl_open.cc:1353] Recovered to log #58 next seq #72057594037927935
2025/10/28-20:33:17.584429 609c [db\db_impl\db_impl_open.cc:1379] Recovering log #64 mode 2
2025/10/28-20:33:17.584496 609c [db\db_impl\db_impl_open.cc:1353] Recovered to log #64 next seq #72057594037927935
2025/10/28-20:33:17.584561 609c [db\db_impl\db_impl_open.cc:1379] Recovering log #70 mode 2
2025/10/28-20:33:17.584625 609c [db\db_impl\db_impl_open.cc:1353] Recovered to log #70 next seq #72057594037927935
2025/10/28-20:33:17.584690 609c [db\db_impl\db_impl_open.cc:1379] Recovering log #76 mode 2
2025/10/28-20:33:17.584757 609c [db\db_impl\db_impl_open.cc:1353] Recovered to log #76 next seq #72057594037927935
2025/10/28-20:33:17.584841 609c [db\db_impl\db_impl_open.cc:1379] Recovering log #82 mode 2
2025/10/28-20:33:17.584920 609c [db\db_impl\db_impl_open.cc:1353] Recovered to log #82 next seq #72057594037927935
2025/10/28-20:33:17.584995 609c [db\db_impl\db_impl_open.cc:1379] Recovering log #88 mode 2
2025/10/28-20:33:17.585083 609c [db\db_impl\db_impl_open.cc:1353] Recovered to log #88 next seq #72057594037927935
2025/10/28-20:33:17.585155 609c [db\db_impl\db_impl_open.cc:1379] Recovering log #94 mode 2
2025/10/28-20:33:17.585223 609c [db\db_impl\db_impl_open.cc:1353] Recovered to log #94 next seq #72057594037927935
2025/10/28-20:33:17.585289 609c [db\db_impl\db_impl_open.cc:1379] Recovering log #100 mode 2
2025/10/28-20:33:17.585360 609c [db\db_impl\db_impl_open.cc:1353] Recovered to log #100 next seq #72057594037927935
2025/10/28-20:33:17.585436 609c [db\db_impl\db_impl_open.cc:1379] Recovering log #106 mode 2
2025/10/28-20:33:17.585553 609c [db\db_impl\db_impl_open.cc:1353] Recovered to log #106 next seq #2
2025/10/28-20:33:17.585641 609c [db\db_impl\db_impl_open.cc:1379] Recovering log #113 mode 2
2025/10/28-20:33:17.585738 609c [db\db_impl\db_impl_open.cc:1353] Recovered to log #113 next seq #4
2025/10/28-20:33:17.585833 609c [db\db_impl\db_impl_open.cc:1379] Recovering log #120 mode 2
2025/10/28-20:33:17.585904 609c [db\db_impl\db_impl_open.cc:1353] Recovered to log #120 next seq #4
2025/10/28-20:33:17.585972 609c [db\db_impl\db_impl_open.cc:1379] Recovering log #126 mode 2
2025/10/28-20:33:17.586068 609c [db\db_impl\db_impl_open.cc:1353] Recovered to log #126 next seq #6
2025/10/28-20:33:17.586138 609c [db\db_impl\db_impl_open.cc:1379] Recovering log #133 mode 2
2025/10/28-20:33:17.586215 609c [db\db_impl\db_impl_open.cc:1353] Recovered to log #133 next seq #6
2025/10/28-20:33:17.586285 609c [db\db_impl\db_impl_open.cc:1379] Recovering log #139 mode 2
2025/10/28-20:33:17.586358 609c [db\db_impl\db_impl_open.cc:1353] Recovered to log #139 next seq #6
2025/10/28-20:33:17.586425 609c [db\db_impl\db_impl_open.cc:1379] Recovering log #145 mode 2
2025/10/28-20:33:17.586497 609c [db\db_impl\db_impl_open.cc:1353] Recovered to log #145 next seq #6
2025/10/28-20:33:17.586568 609c [db\db_impl\db_impl_open.cc:1379] Recovering log #151 mode 2
2025/10/28-20:33:17.586643 609c [db\db_impl\db_impl_open.cc:1353] Recovered to log #151 next seq #6
2025/10/28-20:33:17.586711 609c [db\db_impl\db_impl_open.cc:1379] Recovering log #157 mode 2
2025/10/28-20:33:17.586784 609c [db\db_impl\db_impl_open.cc:1353] Recovered to log #157 next seq #6
2025/10/28-20:33:17.586918 609c [db\db_impl\db_impl_open.cc:1379] Recovering log #163 mode 2
2025/10/28-20:33:17.587009 609c [db\db_impl\db_impl_open.cc:1353] Recovered to log #163 next seq #6
2025/10/28-20:33:17.587094 609c [db\db_impl\db_impl_open.cc:1379] Recovering log #169 mode 2
2025/10/28-20:33:17.587215 609c [db\db_impl\db_impl_open.cc:1353] Recovered to log #169 next seq #6
2025/10/28-20:33:17.587335 609c [db\db_impl\db_impl_open.cc:1379] Recovering log #175 mode 2
2025/10/28-20:33:17.587458 609c [db\db_impl\db_impl_open.cc:1353] Recovered to log #175 next seq #6
2025/10/28-20:33:17.587616 609c [db\db_impl\db_impl_open.cc:1379] Recovering log #181 mode 2
2025/10/28-20:33:17.587701 609c [db\db_impl\db_impl_open.cc:1353] Recovered to log #181 next seq #6
2025/10/28-20:33:17.587785 609c [db\db_impl\db_impl_open.cc:1379] Recovering log #187 mode 2
2025/10/28-20:33:17.587915 609c [db\db_impl\db_impl_open.cc:1353] Recovered to log #187 next seq #6
2025/10/28-20:33:17.588001 609c [db\db_impl\db_impl_open.cc:1379] Recovering log #193 mode 2
2025/10/28-20:33:17.588159 609c [db\db_impl\db_impl_open.cc:1353] Recovered to log #193 next seq #7
2025/10/28-20:33:17.588245 609c [db\db_impl\db_impl_open.cc:1379] Recovering log #200 mode 2
2025/10/28-20:33:17.588416 609c [db\db_impl\db_impl_open.cc:1353] Recovered to log #200 next seq #9
2025/10/28-20:33:17.588560 609c [db\db_impl\db_impl_open.cc:1379] Recovering log #208 mode 2
2025/10/28-20:33:17.588685 609c [db\db_impl\db_impl_open.cc:1353] Recovered to log #208 next seq #9
2025/10/28-20:33:17.588771 609c [db\db_impl\db_impl_open.cc:1379] Recovering log #214 mode 2
2025/10/28-20:33:17.588896 609c [db\db_impl\db_impl_open.cc:1353] Recovered to log #214 next seq #11
2025/10/28-20:33:17.589019 609c [db\db_impl\db_impl_open.cc:1379] Recovering log #221 mode 2
2025/10/28-20:33:17.589180 609c [db\db_impl\db_impl_open.cc:1353] Recovered to log #221 next seq #11
2025/10/28-20:33:17.589266 609c [db\db_impl\db_impl_open.cc:1379] Recovering log #229 mode 2
2025/10/28-20:33:17.589394 609c [db\db_impl\db_impl_open.cc:1353] Recovered to log #229 next seq #11
2025/10/28-20:33:17.589553 609c [db\db_impl\db_impl_open.cc:1379] Recovering log #235 mode 2
2025/10/28-20:33:17.589689 609c [db\db_impl\db_impl_open.cc:1353] Recovered to log #235 next seq #11
2025/10/28-20:33:17.589826 609c [db\db_impl\db_impl_open.cc:1379] Recovering log #241 mode 2
2025/10/28-20:33:17.589989 609c [db\db_impl\db_impl_open.cc:1353] Recovered to log #241 next seq #11
2025/10/28-20:33:17.590128 609c [db\db_impl\db_impl_open.cc:1379] Recovering log #247 mode 2
