2025/10/29-21:01:38.086815 5bd8 RocksDB version: 10.4.2
2025/10/29-21:01:38.086898 5bd8 Git sha 0
2025/10/29-21:01:38.086929 5bd8 Compile date 2025-10-27 15:09:02
2025/10/29-21:01:38.086955 5bd8 DB SUMMARY
2025/10/29-21:01:38.086981 5bd8 Host name (Env):  DESKTOP-712S8LO
2025/10/29-21:01:38.087001 5bd8 DB Session ID:  JQWDQ6XAMSXRWQMCU2M8
2025/10/29-21:01:38.096145 5bd8 CURRENT file:  CURRENT
2025/10/29-21:01:38.096181 5bd8 IDENTITY file:  IDENTITY
2025/10/29-21:01:38.096253 5bd8 MANIFEST file:  MANIFEST-001457 size: 581 Bytes
2025/10/29-21:01:38.096277 5bd8 SST files in C:\VCC\themis\data\themis_server dir, Total Num: 4, files: 001214.sst 001297.sst 001384.sst 001387.sst 
2025/10/29-21:01:38.096304 5bd8 Write Ahead Log file in C:\VCC\themis\data\themis_server: 000004.log size: 0 ; 000010.log size: 0 ; 000016.log size: 0 ; 000022.log size: 0 ; 000028.log size: 0 ; 000034.log size: 0 ; 000040.log size: 0 ; 000046.log size: 0 ; 000052.log size: 0 ; 000058.log size: 0 ; 000064.log size: 0 ; 000070.log size: 0 ; 000076.log size: 0 ; 000082.log size: 0 ; 000088.log size: 0 ; 000094.log size: 0 ; 000100.log size: 0 ; 000106.log size: 42 ; 000113.log size: 90 ; 000120.log size: 0 ; 000126.log size: 86 ; 000133.log size: 0 ; 000139.log size: 0 ; 000145.log size: 0 ; 000151.log size: 0 ; 000157.log size: 0 ; 000163.log size: 0 ; 000169.log size: 0 ; 000175.log size: 0 ; 000181.log size: 0 ; 000187.log size: 0 ; 000193.log size: 42 ; 000200.log size: 90 ; 000208.log size: 0 ; 000214.log size: 86 ; 000221.log size: 0 ; 000229.log size: 0 ; 000235.log size: 0 ; 000241.log size: 0 ; 000247.log size: 0 ; 000253.log size: 0 ; 000259.log size: 0 ; 000265.log size: 0 ; 000271.log size: 0 ; 000277.log size: 0 ; 000283.log size: 42 ; 000290.log size: 90 ; 000297.log size: 0 ; 000306.log size: 86 ; 000313.log size: 0 ; 000320.log size: 0 ; 000326.log size: 0 ; 000332.log size: 0 ; 000338.log size: 0 ; 000344.log size: 0 ; 000350.log size: 0 ; 000356.log size: 0 ; 000362.log size: 0 ; 000368.log size: 0 ; 000374.log size: 42 ; 000381.log size: 90 ; 000388.log size: 0 ; 000397.log size: 86 ; 000404.log size: 0 ; 000411.log size: 0 ; 000417.log size: 0 ; 000423.log size: 0 ; 000429.log size: 0 ; 000435.log size: 0 ; 000441.log size: 0 ; 000447.log size: 0 ; 000453.log size: 0 ; 000459.log size: 0 ; 000465.log size: 42 ; 000472.log size: 90 ; 000482.log size: 0 ; 000491.log size: 86 ; 000498.log size: 0 ; 000504.log size: 0 ; 000510.log size: 0 ; 000516.log size: 0 ; 000522.log size: 0 ; 000528.log size: 0 ; 000534.log size: 0 ; 000540.log size: 0 ; 000546.log size: 0 ; 000552.log size: 0 ; 000558.log size: 42 ; 000565.log size: 90 ; 000572.log size: 0 ; 000578.log size: 86 ; 000585.log size: 0 ; 000592.log size: 0 ; 000598.log size: 0 ; 000604.log size: 0 ; 000610.log size: 0 ; 000616.log size: 0 ; 000622.log size: 0 ; 000628.log size: 0 ; 000634.log size: 0 ; 000640.log size: 0 ; 000646.log size: 42 ; 000653.log size: 90 ; 000663.log size: 0 ; 000669.log size: 86 ; 000676.log size: 0 ; 000683.log size: 0 ; 000689.log size: 0 ; 000695.log size: 0 ; 000701.log size: 0 ; 000707.log size: 0 ; 000713.log size: 0 ; 000719.log size: 0 ; 000725.log size: 0 ; 000731.log size: 0 ; 000737.log size: 42 ; 000744.log size: 90 ; 000751.log size: 0 ; 000759.log size: 86 ; 000766.log size: 0 ; 000773.log size: 0 ; 000779.log size: 0 ; 000785.log size: 0 ; 000791.log size: 0 ; 000797.log size: 0 ; 000803.log size: 0 ; 000809.log size: 0 ; 000815.log size: 0 ; 000821.log size: 0 ; 000827.log size: 42 ; 000834.log size: 90 ; 000844.log size: 0 ; 000852.log size: 86 ; 000859.log size: 0 ; 000865.log size: 0 ; 000871.log size: 0 ; 000877.log size: 0 ; 000883.log size: 0 ; 000889.log size: 0 ; 000895.log size: 0 ; 000901.log size: 0 ; 000907.log size: 0 ; 000913.log size: 0 ; 000919.log size: 42 ; 000926.log size: 90 ; 000933.log size: 0 ; 000939.log size: 86 ; 000946.log size: 0 ; 000953.log size: 0 ; 000959.log size: 0 ; 000965.log size: 0 ; 000971.log size: 0 ; 000977.log size: 0 ; 000983.log size: 0 ; 000989.log size: 0 ; 000995.log size: 0 ; 001001.log size: 0 ; 001007.log size: 42 ; 001014.log size: 90 ; 001023.log size: 0 ; 001029.log size: 86 ; 001036.log size: 0 ; 001043.log size: 0 ; 001049.log size: 0 ; 001055.log size: 0 ; 001061.log size: 0 ; 001067.log size: 0 ; 001073.log size: 0 ; 001079.log size: 0 ; 001085.log size: 0 ; 001091.log size: 0 ; 001097.log size: 42 ; 001104.log size: 90 ; 001111.log size: 0 ; 001119.log size: 86 ; 001126.log size: 0 ; 001133.log size: 0 ; 001139.log size: 0 ; 001145.log size: 0 ; 001151.log size: 0 ; 001157.log size: 0 ; 001163.log size: 0 ; 001169.log size: 0 ; 001175.log size: 0 ; 001181.log size: 0 ; 001187.log size: 0 ; 001193.log size: 42 ; 001200.log size: 90 ; 001209.log size: 0 ; 001217.log size: 86 ; 001224.log size: 0 ; 001230.log size: 0 ; 001236.log size: 0 ; 001242.log size: 0 ; 001248.log size: 0 ; 001254.log size: 0 ; 001260.log size: 0 ; 001266.log size: 0 ; 001272.log size: 0 ; 001278.log size: 0 ; 001284.log size: 42 ; 001291.log size: 90 ; 001298.log size: 0 ; 001304.log size: 86 ; 001311.log size: 0 ; 001318.log size: 0 ; 001324.log size: 0 ; 001330.log size: 0 ; 001336.log size: 0 ; 001342.log size: 0 ; 001348.log size: 0 ; 001354.log size: 0 ; 001360.log size: 0 ; 001366.log size: 0 ; 001372.log size: 42 ; 001379.log size: 90 ; 001388.log size: 0 ; 001394.log size: 86 ; 001401.log size: 0 ; 001408.log size: 0 ; 001414.log size: 0 ; 001420.log size: 0 ; 001426.log size: 0 ; 001432.log size: 0 ; 001438.log size: 0 ; 001444.log size: 0 ; 001450.log size: 0 ; 001456.log size: 0 ; 
2025/10/29-21:01:38.096526 5bd8                         Options.error_if_exists: 0
2025/10/29-21:01:38.096540 5bd8                       Options.create_if_missing: 1
2025/10/29-21:01:38.096548 5bd8                         Options.paranoid_checks: 1
2025/10/29-21:01:38.096554 5bd8             Options.flush_verify_memtable_count: 1
2025/10/29-21:01:38.096560 5bd8          Options.compaction_verify_record_count: 1
2025/10/29-21:01:38.096567 5bd8                               Options.track_and_verify_wals_in_manifest: 0
2025/10/29-21:01:38.096573 5bd8                               Options.track_and_verify_wals: 0
2025/10/29-21:01:38.096580 5bd8        Options.verify_sst_unique_id_in_manifest: 1
2025/10/29-21:01:38.096586 5bd8                                     Options.env: 000002120E4FB7C0
2025/10/29-21:01:38.096593 5bd8                                      Options.fs: WinFS
2025/10/29-21:01:38.096599 5bd8                                Options.info_log: 000002120E4AC250
2025/10/29-21:01:38.096605 5bd8                Options.max_file_opening_threads: 16
2025/10/29-21:01:38.096611 5bd8                              Options.statistics: 000002120E4F8540
2025/10/29-21:01:38.096618 5bd8                              Options.statistics stats level: 1
2025/10/29-21:01:38.096641 5bd8                               Options.use_fsync: 0
2025/10/29-21:01:38.096648 5bd8                       Options.max_log_file_size: 0
2025/10/29-21:01:38.096655 5bd8                  Options.max_manifest_file_size: 1073741824
2025/10/29-21:01:38.096661 5bd8                   Options.log_file_time_to_roll: 0
2025/10/29-21:01:38.096667 5bd8                       Options.keep_log_file_num: 1000
2025/10/29-21:01:38.096673 5bd8                    Options.recycle_log_file_num: 0
2025/10/29-21:01:38.096679 5bd8                         Options.allow_fallocate: 1
2025/10/29-21:01:38.096685 5bd8                        Options.allow_mmap_reads: 0
2025/10/29-21:01:38.096691 5bd8                       Options.allow_mmap_writes: 0
2025/10/29-21:01:38.096698 5bd8                        Options.use_direct_reads: 0
2025/10/29-21:01:38.096705 5bd8                        Options.use_direct_io_for_flush_and_compaction: 0
2025/10/29-21:01:38.096711 5bd8          Options.create_missing_column_families: 0
2025/10/29-21:01:38.096718 5bd8                              Options.db_log_dir: 
2025/10/29-21:01:38.096723 5bd8                                 Options.wal_dir: 
2025/10/29-21:01:38.096729 5bd8                Options.table_cache_numshardbits: 6
2025/10/29-21:01:38.096735 5bd8                         Options.WAL_ttl_seconds: 0
2025/10/29-21:01:38.096781 5bd8                       Options.WAL_size_limit_MB: 0
2025/10/29-21:01:38.096790 5bd8                        Options.max_write_batch_group_size_bytes: 1048576
2025/10/29-21:01:38.096797 5bd8             Options.manifest_preallocation_size: 4194304
2025/10/29-21:01:38.096803 5bd8                     Options.is_fd_close_on_exec: 1
2025/10/29-21:01:38.096809 5bd8                   Options.advise_random_on_open: 1
2025/10/29-21:01:38.096815 5bd8                    Options.db_write_buffer_size: 0
2025/10/29-21:01:38.096821 5bd8                    Options.write_buffer_manager: 000002120E500640
2025/10/29-21:01:38.096826 5bd8                      Options.use_adaptive_mutex: 0
2025/10/29-21:01:38.096832 5bd8                            Options.rate_limiter: 0000000000000000
2025/10/29-21:01:38.096842 5bd8     Options.sst_file_manager.rate_bytes_per_sec: 0
2025/10/29-21:01:38.096850 5bd8                       Options.wal_recovery_mode: 2
2025/10/29-21:01:38.096856 5bd8                  Options.enable_thread_tracking: 0
2025/10/29-21:01:38.096862 5bd8                  Options.enable_pipelined_write: 0
2025/10/29-21:01:38.096868 5bd8                  Options.unordered_write: 0
2025/10/29-21:01:38.096874 5bd8         Options.allow_concurrent_memtable_write: 1
2025/10/29-21:01:38.096880 5bd8      Options.enable_write_thread_adaptive_yield: 1
2025/10/29-21:01:38.096886 5bd8             Options.write_thread_max_yield_usec: 100
2025/10/29-21:01:38.096893 5bd8            Options.write_thread_slow_yield_usec: 3
2025/10/29-21:01:38.096899 5bd8                               Options.row_cache: None
2025/10/29-21:01:38.096905 5bd8                              Options.wal_filter: None
2025/10/29-21:01:38.096911 5bd8             Options.avoid_flush_during_recovery: 0
2025/10/29-21:01:38.096917 5bd8             Options.allow_ingest_behind: 0
2025/10/29-21:01:38.096922 5bd8             Options.two_write_queues: 0
2025/10/29-21:01:38.096928 5bd8             Options.manual_wal_flush: 0
2025/10/29-21:01:38.096935 5bd8             Options.wal_compression: 0
2025/10/29-21:01:38.096941 5bd8             Options.background_close_inactive_wals: 0
2025/10/29-21:01:38.096947 5bd8             Options.atomic_flush: 0
2025/10/29-21:01:38.096953 5bd8             Options.avoid_unnecessary_blocking_io: 0
2025/10/29-21:01:38.096958 5bd8             Options.prefix_seek_opt_in_only: 0
2025/10/29-21:01:38.096964 5bd8                 Options.persist_stats_to_disk: 0
2025/10/29-21:01:38.096970 5bd8                 Options.write_dbid_to_manifest: 1
2025/10/29-21:01:38.096975 5bd8                 Options.write_identity_file: 1
2025/10/29-21:01:38.096982 5bd8                 Options.log_readahead_size: 0
2025/10/29-21:01:38.096988 5bd8                 Options.file_checksum_gen_factory: Unknown
2025/10/29-21:01:38.096995 5bd8                 Options.best_efforts_recovery: 0
2025/10/29-21:01:38.097001 5bd8                Options.max_bgerror_resume_count: 2147483647
2025/10/29-21:01:38.097006 5bd8            Options.bgerror_resume_retry_interval: 1000000
2025/10/29-21:01:38.097012 5bd8             Options.allow_data_in_errors: 0
2025/10/29-21:01:38.097018 5bd8             Options.db_host_id: __hostname__
2025/10/29-21:01:38.097024 5bd8             Options.enforce_single_del_contracts: true
2025/10/29-21:01:38.097031 5bd8             Options.metadata_write_temperature: kUnknown
2025/10/29-21:01:38.097037 5bd8             Options.wal_write_temperature: kUnknown
2025/10/29-21:01:38.097044 5bd8             Options.max_background_jobs: 4
2025/10/29-21:01:38.097050 5bd8             Options.max_background_compactions: -1
2025/10/29-21:01:38.097056 5bd8             Options.max_subcompactions: 1
2025/10/29-21:01:38.097062 5bd8             Options.avoid_flush_during_shutdown: 0
2025/10/29-21:01:38.097068 5bd8           Options.writable_file_max_buffer_size: 1048576
2025/10/29-21:01:38.097074 5bd8             Options.delayed_write_rate : 16777216
2025/10/29-21:01:38.097081 5bd8             Options.max_total_wal_size: 0
2025/10/29-21:01:38.097087 5bd8             Options.delete_obsolete_files_period_micros: 21600000000
2025/10/29-21:01:38.097095 5bd8                   Options.stats_dump_period_sec: 600
2025/10/29-21:01:38.097102 5bd8                 Options.stats_persist_period_sec: 600
2025/10/29-21:01:38.097108 5bd8                 Options.stats_history_buffer_size: 1048576
2025/10/29-21:01:38.097113 5bd8                          Options.max_open_files: -1
2025/10/29-21:01:38.097119 5bd8                          Options.bytes_per_sync: 0
2025/10/29-21:01:38.097125 5bd8                      Options.wal_bytes_per_sync: 0
2025/10/29-21:01:38.097132 5bd8                   Options.strict_bytes_per_sync: 0
2025/10/29-21:01:38.097139 5bd8       Options.compaction_readahead_size: 2097152
2025/10/29-21:01:38.097145 5bd8                  Options.max_background_flushes: -1
2025/10/29-21:01:38.097151 5bd8 Options.daily_offpeak_time_utc: 
2025/10/29-21:01:38.097159 5bd8 Compression algorithms supported:
2025/10/29-21:01:38.097165 5bd8 	kZSTD supported: 1
2025/10/29-21:01:38.097171 5bd8 	kCustomCompressionA3 supported: 0
2025/10/29-21:01:38.097178 5bd8 	kSnappyCompression supported: 0
2025/10/29-21:01:38.097184 5bd8 	kCustomCompressionA5 supported: 0
2025/10/29-21:01:38.097190 5bd8 	kBZip2Compression supported: 0
2025/10/29-21:01:38.097196 5bd8 	kZlibCompression supported: 1
2025/10/29-21:01:38.097202 5bd8 	kLZ4Compression supported: 1
2025/10/29-21:01:38.097208 5bd8 	kXpressCompression supported: 0
2025/10/29-21:01:38.097214 5bd8 	kCustomCompressionA7 supported: 0
2025/10/29-21:01:38.097220 5bd8 	kLZ4HCCompression supported: 1
2025/10/29-21:01:38.097226 5bd8 	kCustomCompressionB2 supported: 0
2025/10/29-21:01:38.097232 5bd8 	kCustomCompression9C supported: 0
2025/10/29-21:01:38.097239 5bd8 	kCustomCompression80 supported: 0
2025/10/29-21:01:38.097244 5bd8 	kCustomCompressionB3 supported: 0
2025/10/29-21:01:38.097250 5bd8 	kCustomCompression9B supported: 0
2025/10/29-21:01:38.097256 5bd8 	kCustomCompression81 supported: 0
2025/10/29-21:01:38.097261 5bd8 	kCustomCompressionB0 supported: 0
2025/10/29-21:01:38.097267 5bd8 	kCustomCompression9A supported: 0
2025/10/29-21:01:38.097274 5bd8 	kCustomCompression82 supported: 0
2025/10/29-21:01:38.097280 5bd8 	kCustomCompressionB1 supported: 0
2025/10/29-21:01:38.097286 5bd8 	kCustomCompression83 supported: 0
2025/10/29-21:01:38.097292 5bd8 	kCustomCompressionB6 supported: 0
2025/10/29-21:01:38.097298 5bd8 	kCustomCompression84 supported: 0
2025/10/29-21:01:38.097304 5bd8 	kCustomCompressionB7 supported: 0
2025/10/29-21:01:38.097309 5bd8 	kCustomCompression9F supported: 0
2025/10/29-21:01:38.097315 5bd8 	kCustomCompression85 supported: 0
2025/10/29-21:01:38.097322 5bd8 	kCustomCompressionB4 supported: 0
2025/10/29-21:01:38.097329 5bd8 	kCustomCompression9E supported: 0
2025/10/29-21:01:38.097335 5bd8 	kCustomCompression86 supported: 0
2025/10/29-21:01:38.097341 5bd8 	kCustomCompressionB5 supported: 0
2025/10/29-21:01:38.097347 5bd8 	kCustomCompression9D supported: 0
2025/10/29-21:01:38.097352 5bd8 	kCustomCompression87 supported: 0
2025/10/29-21:01:38.097358 5bd8 	kCustomCompression88 supported: 0
2025/10/29-21:01:38.097364 5bd8 	kCustomCompression89 supported: 0
2025/10/29-21:01:38.097371 5bd8 	kCustomCompression92 supported: 0
2025/10/29-21:01:38.097377 5bd8 	kCustomCompression8A supported: 0
2025/10/29-21:01:38.097383 5bd8 	kCustomCompression91 supported: 0
2025/10/29-21:01:38.097388 5bd8 	kCustomCompression8B supported: 0
2025/10/29-21:01:38.097394 5bd8 	kCustomCompression90 supported: 0
2025/10/29-21:01:38.097400 5bd8 	kCustomCompression8C supported: 0
2025/10/29-21:01:38.097405 5bd8 	kCustomCompression97 supported: 0
2025/10/29-21:01:38.097411 5bd8 	kCustomCompression8D supported: 0
2025/10/29-21:01:38.097417 5bd8 	kCustomCompression96 supported: 0
2025/10/29-21:01:38.097424 5bd8 	kCustomCompression8E supported: 0
2025/10/29-21:01:38.097430 5bd8 	kCustomCompression95 supported: 0
2025/10/29-21:01:38.097436 5bd8 	kCustomCompression8F supported: 0
2025/10/29-21:01:38.097442 5bd8 	kCustomCompression93 supported: 0
2025/10/29-21:01:38.097467 5bd8 	kCustomCompression94 supported: 0
2025/10/29-21:01:38.097475 5bd8 	kCustomCompression98 supported: 0
2025/10/29-21:01:38.097481 5bd8 	kCustomCompression99 supported: 0
2025/10/29-21:01:38.097488 5bd8 	kCustomCompressionA0 supported: 0
2025/10/29-21:01:38.097494 5bd8 	kCustomCompressionA1 supported: 0
2025/10/29-21:01:38.097500 5bd8 	kCustomCompressionA2 supported: 0
2025/10/29-21:01:38.097506 5bd8 	kCustomCompressionA4 supported: 0
2025/10/29-21:01:38.097512 5bd8 	kCustomCompressionA6 supported: 0
2025/10/29-21:01:38.097517 5bd8 	kCustomCompressionA8 supported: 0
2025/10/29-21:01:38.097523 5bd8 	kCustomCompressionA9 supported: 0
2025/10/29-21:01:38.097529 5bd8 	kCustomCompressionAA supported: 0
2025/10/29-21:01:38.097536 5bd8 	kCustomCompressionAB supported: 0
2025/10/29-21:01:38.097542 5bd8 	kCustomCompressionAC supported: 0
2025/10/29-21:01:38.097547 5bd8 	kCustomCompressionAD supported: 0
2025/10/29-21:01:38.097553 5bd8 	kCustomCompressionAE supported: 0
2025/10/29-21:01:38.097559 5bd8 	kCustomCompressionAF supported: 0
2025/10/29-21:01:38.097566 5bd8 	kCustomCompressionB8 supported: 0
2025/10/29-21:01:38.097571 5bd8 	kCustomCompressionB9 supported: 0
2025/10/29-21:01:38.097577 5bd8 	kCustomCompressionBA supported: 0
2025/10/29-21:01:38.097583 5bd8 	kCustomCompressionBB supported: 0
2025/10/29-21:01:38.097590 5bd8 	kCustomCompressionBC supported: 0
2025/10/29-21:01:38.097596 5bd8 	kCustomCompressionBD supported: 0
2025/10/29-21:01:38.097602 5bd8 	kCustomCompressionBE supported: 0
2025/10/29-21:01:38.097608 5bd8 	kCustomCompressionBF supported: 0
2025/10/29-21:01:38.097613 5bd8 	kCustomCompressionC0 supported: 0
2025/10/29-21:01:38.097619 5bd8 	kCustomCompressionC1 supported: 0
2025/10/29-21:01:38.097625 5bd8 	kCustomCompressionC2 supported: 0
2025/10/29-21:01:38.097631 5bd8 	kCustomCompressionC3 supported: 0
2025/10/29-21:01:38.097638 5bd8 	kCustomCompressionC4 supported: 0
2025/10/29-21:01:38.097644 5bd8 	kCustomCompressionC5 supported: 0
2025/10/29-21:01:38.097650 5bd8 	kCustomCompressionC6 supported: 0
2025/10/29-21:01:38.097656 5bd8 	kCustomCompressionC7 supported: 0
2025/10/29-21:01:38.097662 5bd8 	kCustomCompressionC8 supported: 0
2025/10/29-21:01:38.097667 5bd8 	kCustomCompressionC9 supported: 0
2025/10/29-21:01:38.097673 5bd8 	kCustomCompressionCA supported: 0
2025/10/29-21:01:38.097679 5bd8 	kCustomCompressionCB supported: 0
2025/10/29-21:01:38.097685 5bd8 	kCustomCompressionCC supported: 0
2025/10/29-21:01:38.097691 5bd8 	kCustomCompressionCD supported: 0
2025/10/29-21:01:38.097697 5bd8 	kCustomCompressionCE supported: 0
2025/10/29-21:01:38.097702 5bd8 	kCustomCompressionCF supported: 0
2025/10/29-21:01:38.097708 5bd8 	kCustomCompressionD0 supported: 0
2025/10/29-21:01:38.097714 5bd8 	kCustomCompressionD1 supported: 0
2025/10/29-21:01:38.097719 5bd8 	kCustomCompressionD2 supported: 0
2025/10/29-21:01:38.097726 5bd8 	kCustomCompressionD3 supported: 0
2025/10/29-21:01:38.097732 5bd8 	kCustomCompressionD4 supported: 0
2025/10/29-21:01:38.097738 5bd8 	kCustomCompressionD5 supported: 0
2025/10/29-21:01:38.097744 5bd8 	kCustomCompressionD6 supported: 0
2025/10/29-21:01:38.097750 5bd8 	kCustomCompressionD7 supported: 0
2025/10/29-21:01:38.097756 5bd8 	kCustomCompressionD8 supported: 0
2025/10/29-21:01:38.097762 5bd8 	kCustomCompressionD9 supported: 0
2025/10/29-21:01:38.097767 5bd8 	kCustomCompressionDA supported: 0
2025/10/29-21:01:38.097774 5bd8 	kCustomCompressionDB supported: 0
2025/10/29-21:01:38.097780 5bd8 	kCustomCompressionDC supported: 0
2025/10/29-21:01:38.097786 5bd8 	kCustomCompressionDD supported: 0
2025/10/29-21:01:38.097792 5bd8 	kCustomCompressionDE supported: 0
2025/10/29-21:01:38.097798 5bd8 	kCustomCompressionDF supported: 0
2025/10/29-21:01:38.097803 5bd8 	kCustomCompressionE0 supported: 0
2025/10/29-21:01:38.097809 5bd8 	kCustomCompressionE1 supported: 0
2025/10/29-21:01:38.097814 5bd8 	kCustomCompressionE2 supported: 0
2025/10/29-21:01:38.097821 5bd8 	kCustomCompressionE3 supported: 0
2025/10/29-21:01:38.097827 5bd8 	kCustomCompressionE4 supported: 0
2025/10/29-21:01:38.097833 5bd8 	kCustomCompressionE5 supported: 0
2025/10/29-21:01:38.097840 5bd8 	kCustomCompressionE6 supported: 0
2025/10/29-21:01:38.097847 5bd8 	kCustomCompressionE7 supported: 0
2025/10/29-21:01:38.097853 5bd8 	kCustomCompressionE8 supported: 0
2025/10/29-21:01:38.097858 5bd8 	kCustomCompressionE9 supported: 0
2025/10/29-21:01:38.097864 5bd8 	kCustomCompressionEA supported: 0
2025/10/29-21:01:38.097870 5bd8 	kCustomCompressionEB supported: 0
2025/10/29-21:01:38.097876 5bd8 	kCustomCompressionEC supported: 0
2025/10/29-21:01:38.097883 5bd8 	kCustomCompressionED supported: 0
2025/10/29-21:01:38.097889 5bd8 	kCustomCompressionEE supported: 0
2025/10/29-21:01:38.097894 5bd8 	kCustomCompressionEF supported: 0
2025/10/29-21:01:38.097900 5bd8 	kCustomCompressionF0 supported: 0
2025/10/29-21:01:38.097905 5bd8 	kCustomCompressionF1 supported: 0
2025/10/29-21:01:38.097911 5bd8 	kCustomCompressionF2 supported: 0
2025/10/29-21:01:38.097917 5bd8 	kCustomCompressionF3 supported: 0
2025/10/29-21:01:38.097924 5bd8 	kCustomCompressionF4 supported: 0
2025/10/29-21:01:38.097930 5bd8 	kCustomCompressionF5 supported: 0
2025/10/29-21:01:38.097936 5bd8 	kCustomCompressionF6 supported: 0
2025/10/29-21:01:38.097942 5bd8 	kCustomCompressionF7 supported: 0
2025/10/29-21:01:38.097948 5bd8 	kCustomCompressionF8 supported: 0
2025/10/29-21:01:38.097954 5bd8 	kCustomCompressionF9 supported: 0
2025/10/29-21:01:38.097959 5bd8 	kCustomCompressionFA supported: 0
2025/10/29-21:01:38.097966 5bd8 	kCustomCompressionFB supported: 0
2025/10/29-21:01:38.097972 5bd8 	kCustomCompressionFC supported: 0
2025/10/29-21:01:38.097978 5bd8 	kCustomCompressionFD supported: 0
2025/10/29-21:01:38.097984 5bd8 	kCustomCompressionFE supported: 0
2025/10/29-21:01:38.097992 5bd8 Fast CRC32 supported: Not supported on x86
2025/10/29-21:01:38.097999 5bd8 DMutex implementation: std::mutex
2025/10/29-21:01:38.098005 5bd8 Jemalloc supported: 0
2025/10/29-21:01:38.098607 5bd8 [db\version_set.cc:6116] Recovering from manifest file: C:\VCC\themis\data\themis_server/MANIFEST-001457
2025/10/29-21:01:38.099669 5bd8 [db\column_family.cc:692] --------------- Options for column family [default]:
2025/10/29-21:01:38.099688 5bd8               Options.comparator: leveldb.BytewiseComparator
2025/10/29-21:01:38.099697 5bd8           Options.merge_operator: None
2025/10/29-21:01:38.099703 5bd8        Options.compaction_filter: None
2025/10/29-21:01:38.099710 5bd8        Options.compaction_filter_factory: None
2025/10/29-21:01:38.099717 5bd8  Options.sst_partitioner_factory: None
2025/10/29-21:01:38.099723 5bd8         Options.memtable_factory: SkipListFactory
2025/10/29-21:01:38.099729 5bd8            Options.table_factory: BlockBasedTable
2025/10/29-21:01:38.099765 5bd8            table_factory options:   flush_block_policy_factory: FlushBlockBySizePolicyFactory (000002120E4E2B30)
  cache_index_and_filter_blocks: 1
  cache_index_and_filter_blocks_with_high_priority: 1
  pin_l0_filter_and_index_blocks_in_cache: 1
  pin_top_level_index_and_filter: 1
  index_type: 0
  data_block_index_type: 0
  index_shortening: 1
  data_block_hash_table_util_ratio: 0.750000
  checksum: 4
  no_block_cache: 0
  block_cache: 000002120E4F7820
  block_cache_name: LRUCache
  block_cache_options:
    capacity : 1073741824
    num_shard_bits : 6
    strict_capacity_limit : 0
    memory_allocator : None
    high_pri_pool_ratio: 0.500
    low_pri_pool_ratio: 0.000
  persistent_cache: 0000000000000000
  block_size: 4096
  block_size_deviation: 10
  block_restart_interval: 16
  index_block_restart_interval: 1
  metadata_block_size: 4096
  partition_filters: 0
  use_delta_encoding: 1
  filter_policy: bloomfilter
  whole_key_filtering: 1
  verify_compression: 0
  read_amp_bytes_per_bit: 0
  format_version: 6
  enable_index_compression: 1
  block_align: 0
  max_auto_readahead_size: 262144
  prepopulate_block_cache: 0
  initial_auto_readahead_size: 8192
  num_file_reads_for_auto_readahead: 2
2025/10/29-21:01:38.099775 5bd8        Options.write_buffer_size: 268435456
2025/10/29-21:01:38.099783 5bd8  Options.max_write_buffer_number: 3
2025/10/29-21:01:38.099791 5bd8          Options.compression: LZ4
2025/10/29-21:01:38.099799 5bd8                  Options.bottommost_compression: ZSTD
2025/10/29-21:01:38.099807 5bd8       Options.prefix_extractor: nullptr
2025/10/29-21:01:38.099813 5bd8   Options.memtable_insert_with_hint_prefix_extractor: nullptr
2025/10/29-21:01:38.099819 5bd8             Options.num_levels: 7
2025/10/29-21:01:38.099825 5bd8        Options.min_write_buffer_number_to_merge: 1
2025/10/29-21:01:38.099831 5bd8     Options.max_write_buffer_size_to_maintain: 805306368
2025/10/29-21:01:38.099838 5bd8            Options.bottommost_compression_opts.window_bits: -14
2025/10/29-21:01:38.099844 5bd8                  Options.bottommost_compression_opts.level: 32767
2025/10/29-21:01:38.099850 5bd8               Options.bottommost_compression_opts.strategy: 0
2025/10/29-21:01:38.099857 5bd8         Options.bottommost_compression_opts.max_dict_bytes: 0
2025/10/29-21:01:38.099863 5bd8         Options.bottommost_compression_opts.zstd_max_train_bytes: 0
2025/10/29-21:01:38.099870 5bd8         Options.bottommost_compression_opts.parallel_threads: 1
2025/10/29-21:01:38.099876 5bd8                  Options.bottommost_compression_opts.enabled: false
2025/10/29-21:01:38.099882 5bd8         Options.bottommost_compression_opts.max_dict_buffer_bytes: 0
2025/10/29-21:01:38.099888 5bd8         Options.bottommost_compression_opts.use_zstd_dict_trainer: true
2025/10/29-21:01:38.099894 5bd8            Options.compression_opts.window_bits: -14
2025/10/29-21:01:38.099900 5bd8                  Options.compression_opts.level: 32767
2025/10/29-21:01:38.099907 5bd8               Options.compression_opts.strategy: 0
2025/10/29-21:01:38.099914 5bd8         Options.compression_opts.max_dict_bytes: 0
2025/10/29-21:01:38.099921 5bd8         Options.compression_opts.zstd_max_train_bytes: 0
2025/10/29-21:01:38.099927 5bd8         Options.compression_opts.use_zstd_dict_trainer: true
2025/10/29-21:01:38.099933 5bd8         Options.compression_opts.parallel_threads: 1
2025/10/29-21:01:38.099939 5bd8                  Options.compression_opts.enabled: false
2025/10/29-21:01:38.099945 5bd8         Options.compression_opts.max_dict_buffer_bytes: 0
2025/10/29-21:01:38.099951 5bd8      Options.level0_file_num_compaction_trigger: 4
2025/10/29-21:01:38.099958 5bd8          Options.level0_slowdown_writes_trigger: 20
2025/10/29-21:01:38.099965 5bd8              Options.level0_stop_writes_trigger: 36
2025/10/29-21:01:38.099971 5bd8                   Options.target_file_size_base: 67108864
2025/10/29-21:01:38.099977 5bd8             Options.target_file_size_multiplier: 1
2025/10/29-21:01:38.099983 5bd8                Options.max_bytes_for_level_base: 268435456
2025/10/29-21:01:38.099989 5bd8 Options.level_compaction_dynamic_level_bytes: 1
2025/10/29-21:01:38.099995 5bd8          Options.max_bytes_for_level_multiplier: 10.000000
2025/10/29-21:01:38.100001 5bd8 Options.max_bytes_for_level_multiplier_addtl[0]: 1
2025/10/29-21:01:38.100008 5bd8 Options.max_bytes_for_level_multiplier_addtl[1]: 1
2025/10/29-21:01:38.100015 5bd8 Options.max_bytes_for_level_multiplier_addtl[2]: 1
2025/10/29-21:01:38.100022 5bd8 Options.max_bytes_for_level_multiplier_addtl[3]: 1
2025/10/29-21:01:38.100028 5bd8 Options.max_bytes_for_level_multiplier_addtl[4]: 1
2025/10/29-21:01:38.100034 5bd8 Options.max_bytes_for_level_multiplier_addtl[5]: 1
2025/10/29-21:01:38.100040 5bd8 Options.max_bytes_for_level_multiplier_addtl[6]: 1
2025/10/29-21:01:38.100046 5bd8       Options.max_sequential_skip_in_iterations: 8
2025/10/29-21:01:38.100052 5bd8          Options.memtable_op_scan_flush_trigger: 0
2025/10/29-21:01:38.100059 5bd8      Options.memtable_avg_op_scan_flush_trigger: 0
2025/10/29-21:01:38.100065 5bd8                    Options.max_compaction_bytes: 1677721600
2025/10/29-21:01:38.100071 5bd8                        Options.arena_block_size: 1048576
2025/10/29-21:01:38.100077 5bd8   Options.soft_pending_compaction_bytes_limit: 68719476736
2025/10/29-21:01:38.100083 5bd8   Options.hard_pending_compaction_bytes_limit: 274877906944
2025/10/29-21:01:38.100091 5bd8                Options.disable_auto_compactions: 1
2025/10/29-21:01:38.100099 5bd8                        Options.compaction_style: kCompactionStyleLevel
2025/10/29-21:01:38.100108 5bd8                          Options.compaction_pri: kMinOverlappingRatio
2025/10/29-21:01:38.100116 5bd8 Options.compaction_options_universal.size_ratio: 1
2025/10/29-21:01:38.100123 5bd8 Options.compaction_options_universal.min_merge_width: 2
2025/10/29-21:01:38.100129 5bd8 Options.compaction_options_universal.max_merge_width: 4294967295
2025/10/29-21:01:38.100136 5bd8 Options.compaction_options_universal.max_size_amplification_percent: 200
2025/10/29-21:01:38.100142 5bd8 Options.compaction_options_universal.compression_size_percent: -1
2025/10/29-21:01:38.100149 5bd8 Options.compaction_options_universal.stop_style: kCompactionStopStyleTotalSize
2025/10/29-21:01:38.100155 5bd8 Options.compaction_options_universal.max_read_amp: -1
2025/10/29-21:01:38.100161 5bd8 Options.compaction_options_universal.reduce_file_locking: 0
2025/10/29-21:01:38.100168 5bd8 Options.compaction_options_fifo.max_table_files_size: 1073741824
2025/10/29-21:01:38.100175 5bd8 Options.compaction_options_fifo.allow_compaction: 0
2025/10/29-21:01:38.100183 5bd8                   Options.table_properties_collectors: 
2025/10/29-21:01:38.100189 5bd8                   Options.inplace_update_support: 0
2025/10/29-21:01:38.100195 5bd8                 Options.inplace_update_num_locks: 10000
2025/10/29-21:01:38.100201 5bd8               Options.memtable_prefix_bloom_size_ratio: 0.000000
2025/10/29-21:01:38.100208 5bd8               Options.memtable_whole_key_filtering: 0
2025/10/29-21:01:38.100215 5bd8   Options.memtable_huge_page_size: 0
2025/10/29-21:01:38.100221 5bd8                           Options.bloom_locality: 0
2025/10/29-21:01:38.100228 5bd8                    Options.max_successive_merges: 0
2025/10/29-21:01:38.100234 5bd8             Options.strict_max_successive_merges: 0
2025/10/29-21:01:38.100240 5bd8                Options.optimize_filters_for_hits: 0
2025/10/29-21:01:38.100246 5bd8                Options.paranoid_file_checks: 0
2025/10/29-21:01:38.100252 5bd8                Options.force_consistency_checks: 1
2025/10/29-21:01:38.100258 5bd8                Options.report_bg_io_stats: 0
2025/10/29-21:01:38.100264 5bd8                Options.disallow_memtable_writes: 0
2025/10/29-21:01:38.100271 5bd8                               Options.ttl: 2592000
2025/10/29-21:01:38.100277 5bd8          Options.periodic_compaction_seconds: 0
2025/10/29-21:01:38.100284 5bd8                        Options.default_temperature: kUnknown
2025/10/29-21:01:38.100291 5bd8  Options.preclude_last_level_data_seconds: 0
2025/10/29-21:01:38.100296 5bd8    Options.preserve_internal_time_seconds: 0
2025/10/29-21:01:38.100302 5bd8                       Options.enable_blob_files: false
2025/10/29-21:01:38.100308 5bd8                           Options.min_blob_size: 0
2025/10/29-21:01:38.100315 5bd8                          Options.blob_file_size: 268435456
2025/10/29-21:01:38.100321 5bd8                   Options.blob_compression_type: NoCompression
2025/10/29-21:01:38.100328 5bd8          Options.enable_blob_garbage_collection: false
2025/10/29-21:01:38.100334 5bd8      Options.blob_garbage_collection_age_cutoff: 0.250000
2025/10/29-21:01:38.100341 5bd8 Options.blob_garbage_collection_force_threshold: 1.000000
2025/10/29-21:01:38.100347 5bd8          Options.blob_compaction_readahead_size: 0
2025/10/29-21:01:38.100353 5bd8                Options.blob_file_starting_level: 0
2025/10/29-21:01:38.100359 5bd8         Options.experimental_mempurge_threshold: 0.000000
2025/10/29-21:01:38.100365 5bd8            Options.memtable_max_range_deletions: 0
2025/10/29-21:01:38.101877 5bd8 [db\version_set.cc:6174] Recovered from manifest file:C:\VCC\themis\data\themis_server/MANIFEST-001457 succeeded,manifest_file_number is 1457, next_file_number is 1459, last_sequence is 75, log_number is 1451,prev_log_number is 0,max_column_family is 0,min_log_number_to_keep is 0
2025/10/29-21:01:38.101921 5bd8 [db\version_set.cc:6183] Column family [default] (ID 0), log number is 1451
2025/10/29-21:01:38.102106 5bd8 [db\db_impl\db_impl_open.cc:692] DB ID: 91529813-b413-11f0-8e09-b42e99fe92b3
2025/10/29-21:01:38.103153 5bd8 EVENT_LOG_v1 {"time_micros": 1761768098103069, "job": 1, "event": "recovery_started", "wal_files": [4, 10, 16, 22, 28, 34, 40, 46, 52, 58, 64, 70, 76, 82, 88, 94, 100, 106, 113, 120, 126, 133, 139, 145, 151, 157, 163, 169, 175, 181, 187, 193, 200, 208, 214, 221, 229, 235, 241, 247, 253, 259, 265, 271, 277, 283, 290, 297, 306, 313, 320, 326, 332, 338, 344, 350, 356, 362, 368, 374, 381, 388, 397, 404, 411, 417, 423, 429, 435, 441, 447, 453, 459, 465, 472, 482, 491, 498, 504, 510, 516, 522, 528, 534, 540, 546, 552, 558, 565, 572, 578, 585, 592, 598, 604, 610, 616, 622, 628, 634, 640, 646, 653, 663, 669, 676, 683, 689, 695, 701, 707, 713, 719, 725, 731, 737, 744, 751, 759, 766, 773, 779, 785, 791, 797, 803, 809, 815, 821, 827, 834, 844, 852, 859, 865, 871, 877, 883, 889, 895, 901, 907, 913, 919, 926, 933, 939, 946, 953, 959, 965, 971, 977, 983, 989, 995, 1001, 1007, 1014, 1023, 1029, 1036, 1043, 1049, 1055, 1061, 1067, 1073, 1079, 1085, 1091, 1097, 1104, 1111, 1119, 1126, 1133, 1139, 1145, 1151, 1157, 1163, 1169, 1175, 1181, 1187, 1193, 1200, 1209, 1217, 1224, 1230, 1236, 1242, 1248, 1254, 1260, 1266, 1272, 1278, 1284, 1291, 1298, 1304, 1311, 1318, 1324, 1330, 1336, 1342, 1348, 1354, 1360, 1366, 1372, 1379, 1388, 1394, 1401, 1408, 1414, 1420, 1426, 1432, 1438, 1444, 1450, 1456]}
2025/10/29-21:01:38.103173 5bd8 [db\db_impl\db_impl_open.cc:1379] Recovering log #4 mode 2
2025/10/29-21:01:38.103254 5bd8 [db\db_impl\db_impl_open.cc:1353] Recovered to log #4 next seq #72057594037927935
2025/10/29-21:01:38.103321 5bd8 [db\db_impl\db_impl_open.cc:1379] Recovering log #10 mode 2
2025/10/29-21:01:38.103402 5bd8 [db\db_impl\db_impl_open.cc:1353] Recovered to log #10 next seq #72057594037927935
2025/10/29-21:01:38.103465 5bd8 [db\db_impl\db_impl_open.cc:1379] Recovering log #16 mode 2
2025/10/29-21:01:38.103527 5bd8 [db\db_impl\db_impl_open.cc:1353] Recovered to log #16 next seq #72057594037927935
2025/10/29-21:01:38.103593 5bd8 [db\db_impl\db_impl_open.cc:1379] Recovering log #22 mode 2
2025/10/29-21:01:38.103653 5bd8 [db\db_impl\db_impl_open.cc:1353] Recovered to log #22 next seq #72057594037927935
2025/10/29-21:01:38.103711 5bd8 [db\db_impl\db_impl_open.cc:1379] Recovering log #28 mode 2
2025/10/29-21:01:38.103769 5bd8 [db\db_impl\db_impl_open.cc:1353] Recovered to log #28 next seq #72057594037927935
2025/10/29-21:01:38.103827 5bd8 [db\db_impl\db_impl_open.cc:1379] Recovering log #34 mode 2
2025/10/29-21:01:38.103884 5bd8 [db\db_impl\db_impl_open.cc:1353] Recovered to log #34 next seq #72057594037927935
2025/10/29-21:01:38.103942 5bd8 [db\db_impl\db_impl_open.cc:1379] Recovering log #40 mode 2
2025/10/29-21:01:38.103999 5bd8 [db\db_impl\db_impl_open.cc:1353] Recovered to log #40 next seq #72057594037927935
2025/10/29-21:01:38.104059 5bd8 [db\db_impl\db_impl_open.cc:1379] Recovering log #46 mode 2
2025/10/29-21:01:38.104119 5bd8 [db\db_impl\db_impl_open.cc:1353] Recovered to log #46 next seq #72057594037927935
2025/10/29-21:01:38.104177 5bd8 [db\db_impl\db_impl_open.cc:1379] Recovering log #52 mode 2
2025/10/29-21:01:38.104237 5bd8 [db\db_impl\db_impl_open.cc:1353] Recovered to log #52 next seq #72057594037927935
2025/10/29-21:01:38.104296 5bd8 [db\db_impl\db_impl_open.cc:1379] Recovering log #58 mode 2
2025/10/29-21:01:38.104354 5bd8 [db\db_impl\db_impl_open.cc:1353] Recovered to log #58 next seq #72057594037927935
2025/10/29-21:01:38.104412 5bd8 [db\db_impl\db_impl_open.cc:1379] Recovering log #64 mode 2
2025/10/29-21:01:38.104475 5bd8 [db\db_impl\db_impl_open.cc:1353] Recovered to log #64 next seq #72057594037927935
2025/10/29-21:01:38.104532 5bd8 [db\db_impl\db_impl_open.cc:1379] Recovering log #70 mode 2
2025/10/29-21:01:38.104588 5bd8 [db\db_impl\db_impl_open.cc:1353] Recovered to log #70 next seq #72057594037927935
2025/10/29-21:01:38.104644 5bd8 [db\db_impl\db_impl_open.cc:1379] Recovering log #76 mode 2
2025/10/29-21:01:38.104704 5bd8 [db\db_impl\db_impl_open.cc:1353] Recovered to log #76 next seq #72057594037927935
2025/10/29-21:01:38.104762 5bd8 [db\db_impl\db_impl_open.cc:1379] Recovering log #82 mode 2
2025/10/29-21:01:38.104822 5bd8 [db\db_impl\db_impl_open.cc:1353] Recovered to log #82 next seq #72057594037927935
2025/10/29-21:01:38.104878 5bd8 [db\db_impl\db_impl_open.cc:1379] Recovering log #88 mode 2
2025/10/29-21:01:38.104935 5bd8 [db\db_impl\db_impl_open.cc:1353] Recovered to log #88 next seq #72057594037927935
2025/10/29-21:01:38.104990 5bd8 [db\db_impl\db_impl_open.cc:1379] Recovering log #94 mode 2
2025/10/29-21:01:38.105047 5bd8 [db\db_impl\db_impl_open.cc:1353] Recovered to log #94 next seq #72057594037927935
2025/10/29-21:01:38.105103 5bd8 [db\db_impl\db_impl_open.cc:1379] Recovering log #100 mode 2
2025/10/29-21:01:38.105160 5bd8 [db\db_impl\db_impl_open.cc:1353] Recovered to log #100 next seq #72057594037927935
2025/10/29-21:01:38.105215 5bd8 [db\db_impl\db_impl_open.cc:1379] Recovering log #106 mode 2
2025/10/29-21:01:38.105309 5bd8 [db\db_impl\db_impl_open.cc:1353] Recovered to log #106 next seq #2
2025/10/29-21:01:38.105367 5bd8 [db\db_impl\db_impl_open.cc:1379] Recovering log #113 mode 2
2025/10/29-21:01:38.105451 5bd8 [db\db_impl\db_impl_open.cc:1353] Recovered to log #113 next seq #4
2025/10/29-21:01:38.105509 5bd8 [db\db_impl\db_impl_open.cc:1379] Recovering log #120 mode 2
2025/10/29-21:01:38.105572 5bd8 [db\db_impl\db_impl_open.cc:1353] Recovered to log #120 next seq #4
2025/10/29-21:01:38.105629 5bd8 [db\db_impl\db_impl_open.cc:1379] Recovering log #126 mode 2
2025/10/29-21:01:38.105711 5bd8 [db\db_impl\db_impl_open.cc:1353] Recovered to log #126 next seq #6
2025/10/29-21:01:38.105767 5bd8 [db\db_impl\db_impl_open.cc:1379] Recovering log #133 mode 2
2025/10/29-21:01:38.105826 5bd8 [db\db_impl\db_impl_open.cc:1353] Recovered to log #133 next seq #6
2025/10/29-21:01:38.105882 5bd8 [db\db_impl\db_impl_open.cc:1379] Recovering log #139 mode 2
2025/10/29-21:01:38.105944 5bd8 [db\db_impl\db_impl_open.cc:1353] Recovered to log #139 next seq #6
2025/10/29-21:01:38.106002 5bd8 [db\db_impl\db_impl_open.cc:1379] Recovering log #145 mode 2
2025/10/29-21:01:38.106059 5bd8 [db\db_impl\db_impl_open.cc:1353] Recovered to log #145 next seq #6
2025/10/29-21:01:38.106115 5bd8 [db\db_impl\db_impl_open.cc:1379] Recovering log #151 mode 2
2025/10/29-21:01:38.106172 5bd8 [db\db_impl\db_impl_open.cc:1353] Recovered to log #151 next seq #6
2025/10/29-21:01:38.106228 5bd8 [db\db_impl\db_impl_open.cc:1379] Recovering log #157 mode 2
2025/10/29-21:01:38.106284 5bd8 [db\db_impl\db_impl_open.cc:1353] Recovered to log #157 next seq #6
2025/10/29-21:01:38.106340 5bd8 [db\db_impl\db_impl_open.cc:1379] Recovering log #163 mode 2
2025/10/29-21:01:38.106396 5bd8 [db\db_impl\db_impl_open.cc:1353] Recovered to log #163 next seq #6
2025/10/29-21:01:38.106452 5bd8 [db\db_impl\db_impl_open.cc:1379] Recovering log #169 mode 2
2025/10/29-21:01:38.106509 5bd8 [db\db_impl\db_impl_open.cc:1353] Recovered to log #169 next seq #6
