2025/10/29-21:02:46.530711 6cc4 RocksDB version: 10.4.2
2025/10/29-21:02:46.530871 6cc4 Git sha 0
2025/10/29-21:02:46.530926 6cc4 Compile date 2025-10-27 15:09:02
2025/10/29-21:02:46.530961 6cc4 DB SUMMARY
2025/10/29-21:02:46.530996 6cc4 Host name (Env):  DESKTOP-712S8LO
2025/10/29-21:02:46.531592 6cc4 DB Session ID:  Q86VI08MVIBJ1C852SUF
2025/10/29-21:02:46.545184 6cc4 CURRENT file:  CURRENT
2025/10/29-21:02:46.545253 6cc4 IDENTITY file:  IDENTITY
2025/10/29-21:02:46.545374 6cc4 MANIFEST file:  MANIFEST-001499 size: 685 Bytes
2025/10/29-21:02:46.545410 6cc4 SST files in C:\VCC\themis\data\themis_server dir, Total Num: 5, files: 001214.sst 001297.sst 001387.sst 001475.sst 001481.sst 
2025/10/29-21:02:46.545453 6cc4 Write Ahead Log file in C:\VCC\themis\data\themis_server: 000004.log size: 0 ; 000010.log size: 0 ; 000016.log size: 0 ; 000022.log size: 0 ; 000028.log size: 0 ; 000034.log size: 0 ; 000040.log size: 0 ; 000046.log size: 0 ; 000052.log size: 0 ; 000058.log size: 0 ; 000064.log size: 0 ; 000070.log size: 0 ; 000076.log size: 0 ; 000082.log size: 0 ; 000088.log size: 0 ; 000094.log size: 0 ; 000100.log size: 0 ; 000106.log size: 42 ; 000113.log size: 90 ; 000120.log size: 0 ; 000126.log size: 86 ; 000133.log size: 0 ; 000139.log size: 0 ; 000145.log size: 0 ; 000151.log size: 0 ; 000157.log size: 0 ; 000163.log size: 0 ; 000169.log size: 0 ; 000175.log size: 0 ; 000181.log size: 0 ; 000187.log size: 0 ; 000193.log size: 42 ; 000200.log size: 90 ; 000208.log size: 0 ; 000214.log size: 86 ; 000221.log size: 0 ; 000229.log size: 0 ; 000235.log size: 0 ; 000241.log size: 0 ; 000247.log size: 0 ; 000253.log size: 0 ; 000259.log size: 0 ; 000265.log size: 0 ; 000271.log size: 0 ; 000277.log size: 0 ; 000283.log size: 42 ; 000290.log size: 90 ; 000297.log size: 0 ; 000306.log size: 86 ; 000313.log size: 0 ; 000320.log size: 0 ; 000326.log size: 0 ; 000332.log size: 0 ; 000338.log size: 0 ; 000344.log size: 0 ; 000350.log size: 0 ; 000356.log size: 0 ; 000362.log size: 0 ; 000368.log size: 0 ; 000374.log size: 42 ; 000381.log size: 90 ; 000388.log size: 0 ; 000397.log size: 86 ; 000404.log size: 0 ; 000411.log size: 0 ; 000417.log size: 0 ; 000423.log size: 0 ; 000429.log size: 0 ; 000435.log size: 0 ; 000441.log size: 0 ; 000447.log size: 0 ; 000453.log size: 0 ; 000459.log size: 0 ; 000465.log size: 42 ; 000472.log size: 90 ; 000482.log size: 0 ; 000491.log size: 86 ; 000498.log size: 0 ; 000504.log size: 0 ; 000510.log size: 0 ; 000516.log size: 0 ; 000522.log size: 0 ; 000528.log size: 0 ; 000534.log size: 0 ; 000540.log size: 0 ; 000546.log size: 0 ; 000552.log size: 0 ; 000558.log size: 42 ; 000565.log size: 90 ; 000572.log size: 0 ; 000578.log size: 86 ; 000585.log size: 0 ; 000592.log size: 0 ; 000598.log size: 0 ; 000604.log size: 0 ; 000610.log size: 0 ; 000616.log size: 0 ; 000622.log size: 0 ; 000628.log size: 0 ; 000634.log size: 0 ; 000640.log size: 0 ; 000646.log size: 42 ; 000653.log size: 90 ; 000663.log size: 0 ; 000669.log size: 86 ; 000676.log size: 0 ; 000683.log size: 0 ; 000689.log size: 0 ; 000695.log size: 0 ; 000701.log size: 0 ; 000707.log size: 0 ; 000713.log size: 0 ; 000719.log size: 0 ; 000725.log size: 0 ; 000731.log size: 0 ; 000737.log size: 42 ; 000744.log size: 90 ; 000751.log size: 0 ; 000759.log size: 86 ; 000766.log size: 0 ; 000773.log size: 0 ; 000779.log size: 0 ; 000785.log size: 0 ; 000791.log size: 0 ; 000797.log size: 0 ; 000803.log size: 0 ; 000809.log size: 0 ; 000815.log size: 0 ; 000821.log size: 0 ; 000827.log size: 42 ; 000834.log size: 90 ; 000844.log size: 0 ; 000852.log size: 86 ; 000859.log size: 0 ; 000865.log size: 0 ; 000871.log size: 0 ; 000877.log size: 0 ; 000883.log size: 0 ; 000889.log size: 0 ; 000895.log size: 0 ; 000901.log size: 0 ; 000907.log size: 0 ; 000913.log size: 0 ; 000919.log size: 42 ; 000926.log size: 90 ; 000933.log size: 0 ; 000939.log size: 86 ; 000946.log size: 0 ; 000953.log size: 0 ; 000959.log size: 0 ; 000965.log size: 0 ; 000971.log size: 0 ; 000977.log size: 0 ; 000983.log size: 0 ; 000989.log size: 0 ; 000995.log size: 0 ; 001001.log size: 0 ; 001007.log size: 42 ; 001014.log size: 90 ; 001023.log size: 0 ; 001029.log size: 86 ; 001036.log size: 0 ; 001043.log size: 0 ; 001049.log size: 0 ; 001055.log size: 0 ; 001061.log size: 0 ; 001067.log size: 0 ; 001073.log size: 0 ; 001079.log size: 0 ; 001085.log size: 0 ; 001091.log size: 0 ; 001097.log size: 42 ; 001104.log size: 90 ; 001111.log size: 0 ; 001119.log size: 86 ; 001126.log size: 0 ; 001133.log size: 0 ; 001139.log size: 0 ; 001145.log size: 0 ; 001151.log size: 0 ; 001157.log size: 0 ; 001163.log size: 0 ; 001169.log size: 0 ; 001175.log size: 0 ; 001181.log size: 0 ; 001187.log size: 0 ; 001193.log size: 42 ; 001200.log size: 90 ; 001209.log size: 0 ; 001217.log size: 86 ; 001224.log size: 0 ; 001230.log size: 0 ; 001236.log size: 0 ; 001242.log size: 0 ; 001248.log size: 0 ; 001254.log size: 0 ; 001260.log size: 0 ; 001266.log size: 0 ; 001272.log size: 0 ; 001278.log size: 0 ; 001284.log size: 42 ; 001291.log size: 90 ; 001298.log size: 0 ; 001304.log size: 86 ; 001311.log size: 0 ; 001318.log size: 0 ; 001324.log size: 0 ; 001330.log size: 0 ; 001336.log size: 0 ; 001342.log size: 0 ; 001348.log size: 0 ; 001354.log size: 0 ; 001360.log size: 0 ; 001366.log size: 0 ; 001372.log size: 42 ; 001379.log size: 90 ; 001388.log size: 0 ; 001394.log size: 86 ; 001401.log size: 0 ; 001408.log size: 0 ; 001414.log size: 0 ; 001420.log size: 0 ; 001426.log size: 0 ; 001432.log size: 0 ; 001438.log size: 0 ; 001444.log size: 0 ; 001450.log size: 0 ; 001456.log size: 0 ; 001462.log size: 42 ; 001469.log size: 90 ; 001476.log size: 0 ; 001484.log size: 86 ; 001491.log size: 0 ; 001498.log size: 0 ; 
2025/10/29-21:02:46.545713 6cc4                         Options.error_if_exists: 0
2025/10/29-21:02:46.545730 6cc4                       Options.create_if_missing: 1
2025/10/29-21:02:46.545738 6cc4                         Options.paranoid_checks: 1
2025/10/29-21:02:46.545745 6cc4             Options.flush_verify_memtable_count: 1
2025/10/29-21:02:46.545751 6cc4          Options.compaction_verify_record_count: 1
2025/10/29-21:02:46.545758 6cc4                               Options.track_and_verify_wals_in_manifest: 0
2025/10/29-21:02:46.545764 6cc4                               Options.track_and_verify_wals: 0
2025/10/29-21:02:46.545772 6cc4        Options.verify_sst_unique_id_in_manifest: 1
2025/10/29-21:02:46.545779 6cc4                                     Options.env: 000002A92636CFD0
2025/10/29-21:02:46.545786 6cc4                                      Options.fs: WinFS
2025/10/29-21:02:46.545793 6cc4                                Options.info_log: 000002A92631E110
2025/10/29-21:02:46.545799 6cc4                Options.max_file_opening_threads: 16
2025/10/29-21:02:46.545806 6cc4                              Options.statistics: 000002A92636A5C0
2025/10/29-21:02:46.545812 6cc4                              Options.statistics stats level: 1
2025/10/29-21:02:46.545818 6cc4                               Options.use_fsync: 0
2025/10/29-21:02:46.545826 6cc4                       Options.max_log_file_size: 0
2025/10/29-21:02:46.545833 6cc4                  Options.max_manifest_file_size: 1073741824
2025/10/29-21:02:46.545840 6cc4                   Options.log_file_time_to_roll: 0
2025/10/29-21:02:46.545847 6cc4                       Options.keep_log_file_num: 1000
2025/10/29-21:02:46.545853 6cc4                    Options.recycle_log_file_num: 0
2025/10/29-21:02:46.545860 6cc4                         Options.allow_fallocate: 1
2025/10/29-21:02:46.545866 6cc4                        Options.allow_mmap_reads: 0
2025/10/29-21:02:46.545873 6cc4                       Options.allow_mmap_writes: 0
2025/10/29-21:02:46.545880 6cc4                        Options.use_direct_reads: 0
2025/10/29-21:02:46.545887 6cc4                        Options.use_direct_io_for_flush_and_compaction: 0
2025/10/29-21:02:46.545894 6cc4          Options.create_missing_column_families: 0
2025/10/29-21:02:46.545901 6cc4                              Options.db_log_dir: 
2025/10/29-21:02:46.545907 6cc4                                 Options.wal_dir: 
2025/10/29-21:02:46.545938 6cc4                Options.table_cache_numshardbits: 6
2025/10/29-21:02:46.545948 6cc4                         Options.WAL_ttl_seconds: 0
2025/10/29-21:02:46.545955 6cc4                       Options.WAL_size_limit_MB: 0
2025/10/29-21:02:46.545962 6cc4                        Options.max_write_batch_group_size_bytes: 1048576
2025/10/29-21:02:46.545970 6cc4             Options.manifest_preallocation_size: 4194304
2025/10/29-21:02:46.545976 6cc4                     Options.is_fd_close_on_exec: 1
2025/10/29-21:02:46.545983 6cc4                   Options.advise_random_on_open: 1
2025/10/29-21:02:46.545989 6cc4                    Options.db_write_buffer_size: 0
2025/10/29-21:02:46.545996 6cc4                    Options.write_buffer_manager: 000002A92637FE40
2025/10/29-21:02:46.546002 6cc4                      Options.use_adaptive_mutex: 0
2025/10/29-21:02:46.546009 6cc4                            Options.rate_limiter: 0000000000000000
2025/10/29-21:02:46.546021 6cc4     Options.sst_file_manager.rate_bytes_per_sec: 0
2025/10/29-21:02:46.546029 6cc4                       Options.wal_recovery_mode: 2
2025/10/29-21:02:46.546037 6cc4                  Options.enable_thread_tracking: 0
2025/10/29-21:02:46.546043 6cc4                  Options.enable_pipelined_write: 0
2025/10/29-21:02:46.546050 6cc4                  Options.unordered_write: 0
2025/10/29-21:02:46.546056 6cc4         Options.allow_concurrent_memtable_write: 1
2025/10/29-21:02:46.546062 6cc4      Options.enable_write_thread_adaptive_yield: 1
2025/10/29-21:02:46.546070 6cc4             Options.write_thread_max_yield_usec: 100
2025/10/29-21:02:46.546077 6cc4            Options.write_thread_slow_yield_usec: 3
2025/10/29-21:02:46.546084 6cc4                               Options.row_cache: None
2025/10/29-21:02:46.546091 6cc4                              Options.wal_filter: None
2025/10/29-21:02:46.546097 6cc4             Options.avoid_flush_during_recovery: 0
2025/10/29-21:02:46.546104 6cc4             Options.allow_ingest_behind: 0
2025/10/29-21:02:46.546110 6cc4             Options.two_write_queues: 0
2025/10/29-21:02:46.546117 6cc4             Options.manual_wal_flush: 0
2025/10/29-21:02:46.546124 6cc4             Options.wal_compression: 0
2025/10/29-21:02:46.546131 6cc4             Options.background_close_inactive_wals: 0
2025/10/29-21:02:46.546137 6cc4             Options.atomic_flush: 0
2025/10/29-21:02:46.546144 6cc4             Options.avoid_unnecessary_blocking_io: 0
2025/10/29-21:02:46.546150 6cc4             Options.prefix_seek_opt_in_only: 0
2025/10/29-21:02:46.546156 6cc4                 Options.persist_stats_to_disk: 0
2025/10/29-21:02:46.546163 6cc4                 Options.write_dbid_to_manifest: 1
2025/10/29-21:02:46.546169 6cc4                 Options.write_identity_file: 1
2025/10/29-21:02:46.546177 6cc4                 Options.log_readahead_size: 0
2025/10/29-21:02:46.546184 6cc4                 Options.file_checksum_gen_factory: Unknown
2025/10/29-21:02:46.546191 6cc4                 Options.best_efforts_recovery: 0
2025/10/29-21:02:46.546198 6cc4                Options.max_bgerror_resume_count: 2147483647
2025/10/29-21:02:46.546204 6cc4            Options.bgerror_resume_retry_interval: 1000000
2025/10/29-21:02:46.546211 6cc4             Options.allow_data_in_errors: 0
2025/10/29-21:02:46.546217 6cc4             Options.db_host_id: __hostname__
2025/10/29-21:02:46.546223 6cc4             Options.enforce_single_del_contracts: true
2025/10/29-21:02:46.546232 6cc4             Options.metadata_write_temperature: kUnknown
2025/10/29-21:02:46.546244 6cc4             Options.wal_write_temperature: kUnknown
2025/10/29-21:02:46.546255 6cc4             Options.max_background_jobs: 4
2025/10/29-21:02:46.546265 6cc4             Options.max_background_compactions: -1
2025/10/29-21:02:46.546272 6cc4             Options.max_subcompactions: 1
2025/10/29-21:02:46.546278 6cc4             Options.avoid_flush_during_shutdown: 0
2025/10/29-21:02:46.546285 6cc4           Options.writable_file_max_buffer_size: 1048576
2025/10/29-21:02:46.546291 6cc4             Options.delayed_write_rate : 16777216
2025/10/29-21:02:46.546301 6cc4             Options.max_total_wal_size: 0
2025/10/29-21:02:46.546310 6cc4             Options.delete_obsolete_files_period_micros: 21600000000
2025/10/29-21:02:46.546317 6cc4                   Options.stats_dump_period_sec: 600
2025/10/29-21:02:46.546324 6cc4                 Options.stats_persist_period_sec: 600
2025/10/29-21:02:46.546330 6cc4                 Options.stats_history_buffer_size: 1048576
2025/10/29-21:02:46.546337 6cc4                          Options.max_open_files: -1
2025/10/29-21:02:46.546343 6cc4                          Options.bytes_per_sync: 0
2025/10/29-21:02:46.546350 6cc4                      Options.wal_bytes_per_sync: 0
2025/10/29-21:02:46.546357 6cc4                   Options.strict_bytes_per_sync: 0
2025/10/29-21:02:46.546365 6cc4       Options.compaction_readahead_size: 2097152
2025/10/29-21:02:46.546372 6cc4                  Options.max_background_flushes: -1
2025/10/29-21:02:46.546379 6cc4 Options.daily_offpeak_time_utc: 
2025/10/29-21:02:46.546389 6cc4 Compression algorithms supported:
2025/10/29-21:02:46.546396 6cc4 	kZSTD supported: 1
2025/10/29-21:02:46.546403 6cc4 	kCustomCompressionA3 supported: 0
2025/10/29-21:02:46.546411 6cc4 	kSnappyCompression supported: 0
2025/10/29-21:02:46.546418 6cc4 	kCustomCompressionA5 supported: 0
2025/10/29-21:02:46.546425 6cc4 	kBZip2Compression supported: 0
2025/10/29-21:02:46.546432 6cc4 	kZlibCompression supported: 1
2025/10/29-21:02:46.546438 6cc4 	kLZ4Compression supported: 1
2025/10/29-21:02:46.546445 6cc4 	kXpressCompression supported: 0
2025/10/29-21:02:46.546452 6cc4 	kCustomCompressionA7 supported: 0
2025/10/29-21:02:46.546458 6cc4 	kLZ4HCCompression supported: 1
2025/10/29-21:02:46.546466 6cc4 	kCustomCompressionB2 supported: 0
2025/10/29-21:02:46.546474 6cc4 	kCustomCompression9C supported: 0
2025/10/29-21:02:46.546481 6cc4 	kCustomCompression80 supported: 0
2025/10/29-21:02:46.546487 6cc4 	kCustomCompressionB3 supported: 0
2025/10/29-21:02:46.546494 6cc4 	kCustomCompression9B supported: 0
2025/10/29-21:02:46.546500 6cc4 	kCustomCompression81 supported: 0
2025/10/29-21:02:46.546506 6cc4 	kCustomCompressionB0 supported: 0
2025/10/29-21:02:46.546513 6cc4 	kCustomCompression9A supported: 0
2025/10/29-21:02:46.546520 6cc4 	kCustomCompression82 supported: 0
2025/10/29-21:02:46.546527 6cc4 	kCustomCompressionB1 supported: 0
2025/10/29-21:02:46.546534 6cc4 	kCustomCompression83 supported: 0
2025/10/29-21:02:46.546541 6cc4 	kCustomCompressionB6 supported: 0
2025/10/29-21:02:46.546548 6cc4 	kCustomCompression84 supported: 0
2025/10/29-21:02:46.546554 6cc4 	kCustomCompressionB7 supported: 0
2025/10/29-21:02:46.546560 6cc4 	kCustomCompression9F supported: 0
2025/10/29-21:02:46.546567 6cc4 	kCustomCompression85 supported: 0
2025/10/29-21:02:46.546575 6cc4 	kCustomCompressionB4 supported: 0
2025/10/29-21:02:46.546582 6cc4 	kCustomCompression9E supported: 0
2025/10/29-21:02:46.546589 6cc4 	kCustomCompression86 supported: 0
2025/10/29-21:02:46.546595 6cc4 	kCustomCompressionB5 supported: 0
2025/10/29-21:02:46.546602 6cc4 	kCustomCompression9D supported: 0
2025/10/29-21:02:46.546608 6cc4 	kCustomCompression87 supported: 0
2025/10/29-21:02:46.546614 6cc4 	kCustomCompression88 supported: 0
2025/10/29-21:02:46.546621 6cc4 	kCustomCompression89 supported: 0
2025/10/29-21:02:46.546628 6cc4 	kCustomCompression92 supported: 0
2025/10/29-21:02:46.546635 6cc4 	kCustomCompression8A supported: 0
2025/10/29-21:02:46.546642 6cc4 	kCustomCompression91 supported: 0
2025/10/29-21:02:46.546649 6cc4 	kCustomCompression8B supported: 0
2025/10/29-21:02:46.546655 6cc4 	kCustomCompression90 supported: 0
2025/10/29-21:02:46.546661 6cc4 	kCustomCompression8C supported: 0
2025/10/29-21:02:46.546668 6cc4 	kCustomCompression97 supported: 0
2025/10/29-21:02:46.546674 6cc4 	kCustomCompression8D supported: 0
2025/10/29-21:02:46.546681 6cc4 	kCustomCompression96 supported: 0
2025/10/29-21:02:46.546689 6cc4 	kCustomCompression8E supported: 0
2025/10/29-21:02:46.546696 6cc4 	kCustomCompression95 supported: 0
2025/10/29-21:02:46.546731 6cc4 	kCustomCompression8F supported: 0
2025/10/29-21:02:46.546741 6cc4 	kCustomCompression93 supported: 0
2025/10/29-21:02:46.546748 6cc4 	kCustomCompression94 supported: 0
2025/10/29-21:02:46.546754 6cc4 	kCustomCompression98 supported: 0
2025/10/29-21:02:46.546761 6cc4 	kCustomCompression99 supported: 0
2025/10/29-21:02:46.546768 6cc4 	kCustomCompressionA0 supported: 0
2025/10/29-21:02:46.546775 6cc4 	kCustomCompressionA1 supported: 0
2025/10/29-21:02:46.546783 6cc4 	kCustomCompressionA2 supported: 0
2025/10/29-21:02:46.546789 6cc4 	kCustomCompressionA4 supported: 0
2025/10/29-21:02:46.546796 6cc4 	kCustomCompressionA6 supported: 0
2025/10/29-21:02:46.546802 6cc4 	kCustomCompressionA8 supported: 0
2025/10/29-21:02:46.546809 6cc4 	kCustomCompressionA9 supported: 0
2025/10/29-21:02:46.546815 6cc4 	kCustomCompressionAA supported: 0
2025/10/29-21:02:46.546823 6cc4 	kCustomCompressionAB supported: 0
2025/10/29-21:02:46.546830 6cc4 	kCustomCompressionAC supported: 0
2025/10/29-21:02:46.546837 6cc4 	kCustomCompressionAD supported: 0
2025/10/29-21:02:46.546844 6cc4 	kCustomCompressionAE supported: 0
2025/10/29-21:02:46.546850 6cc4 	kCustomCompressionAF supported: 0
2025/10/29-21:02:46.546857 6cc4 	kCustomCompressionB8 supported: 0
2025/10/29-21:02:46.546863 6cc4 	kCustomCompressionB9 supported: 0
2025/10/29-21:02:46.546870 6cc4 	kCustomCompressionBA supported: 0
2025/10/29-21:02:46.546877 6cc4 	kCustomCompressionBB supported: 0
2025/10/29-21:02:46.546885 6cc4 	kCustomCompressionBC supported: 0
2025/10/29-21:02:46.546891 6cc4 	kCustomCompressionBD supported: 0
2025/10/29-21:02:46.546898 6cc4 	kCustomCompressionBE supported: 0
2025/10/29-21:02:46.546905 6cc4 	kCustomCompressionBF supported: 0
2025/10/29-21:02:46.546912 6cc4 	kCustomCompressionC0 supported: 0
2025/10/29-21:02:46.546918 6cc4 	kCustomCompressionC1 supported: 0
2025/10/29-21:02:46.546925 6cc4 	kCustomCompressionC2 supported: 0
2025/10/29-21:02:46.546932 6cc4 	kCustomCompressionC3 supported: 0
2025/10/29-21:02:46.546939 6cc4 	kCustomCompressionC4 supported: 0
2025/10/29-21:02:46.546946 6cc4 	kCustomCompressionC5 supported: 0
2025/10/29-21:02:46.546953 6cc4 	kCustomCompressionC6 supported: 0
2025/10/29-21:02:46.546960 6cc4 	kCustomCompressionC7 supported: 0
2025/10/29-21:02:46.546967 6cc4 	kCustomCompressionC8 supported: 0
2025/10/29-21:02:46.546973 6cc4 	kCustomCompressionC9 supported: 0
2025/10/29-21:02:46.546997 6cc4 	kCustomCompressionCA supported: 0
2025/10/29-21:02:46.547004 6cc4 	kCustomCompressionCB supported: 0
2025/10/29-21:02:46.547011 6cc4 	kCustomCompressionCC supported: 0
2025/10/29-21:02:46.547017 6cc4 	kCustomCompressionCD supported: 0
2025/10/29-21:02:46.547024 6cc4 	kCustomCompressionCE supported: 0
2025/10/29-21:02:46.547030 6cc4 	kCustomCompressionCF supported: 0
2025/10/29-21:02:46.547037 6cc4 	kCustomCompressionD0 supported: 0
2025/10/29-21:02:46.547043 6cc4 	kCustomCompressionD1 supported: 0
2025/10/29-21:02:46.547049 6cc4 	kCustomCompressionD2 supported: 0
2025/10/29-21:02:46.547057 6cc4 	kCustomCompressionD3 supported: 0
2025/10/29-21:02:46.547063 6cc4 	kCustomCompressionD4 supported: 0
2025/10/29-21:02:46.547070 6cc4 	kCustomCompressionD5 supported: 0
2025/10/29-21:02:46.547077 6cc4 	kCustomCompressionD6 supported: 0
2025/10/29-21:02:46.547083 6cc4 	kCustomCompressionD7 supported: 0
2025/10/29-21:02:46.547089 6cc4 	kCustomCompressionD8 supported: 0
2025/10/29-21:02:46.547096 6cc4 	kCustomCompressionD9 supported: 0
2025/10/29-21:02:46.547102 6cc4 	kCustomCompressionDA supported: 0
2025/10/29-21:02:46.547110 6cc4 	kCustomCompressionDB supported: 0
2025/10/29-21:02:46.547117 6cc4 	kCustomCompressionDC supported: 0
2025/10/29-21:02:46.547124 6cc4 	kCustomCompressionDD supported: 0
2025/10/29-21:02:46.547131 6cc4 	kCustomCompressionDE supported: 0
2025/10/29-21:02:46.547137 6cc4 	kCustomCompressionDF supported: 0
2025/10/29-21:02:46.547143 6cc4 	kCustomCompressionE0 supported: 0
2025/10/29-21:02:46.547150 6cc4 	kCustomCompressionE1 supported: 0
2025/10/29-21:02:46.547156 6cc4 	kCustomCompressionE2 supported: 0
2025/10/29-21:02:46.547165 6cc4 	kCustomCompressionE3 supported: 0
2025/10/29-21:02:46.547173 6cc4 	kCustomCompressionE4 supported: 0
2025/10/29-21:02:46.547180 6cc4 	kCustomCompressionE5 supported: 0
2025/10/29-21:02:46.547186 6cc4 	kCustomCompressionE6 supported: 0
2025/10/29-21:02:46.547193 6cc4 	kCustomCompressionE7 supported: 0
2025/10/29-21:02:46.547199 6cc4 	kCustomCompressionE8 supported: 0
2025/10/29-21:02:46.547205 6cc4 	kCustomCompressionE9 supported: 0
2025/10/29-21:02:46.547212 6cc4 	kCustomCompressionEA supported: 0
2025/10/29-21:02:46.547219 6cc4 	kCustomCompressionEB supported: 0
2025/10/29-21:02:46.547226 6cc4 	kCustomCompressionEC supported: 0
2025/10/29-21:02:46.547233 6cc4 	kCustomCompressionED supported: 0
2025/10/29-21:02:46.547239 6cc4 	kCustomCompressionEE supported: 0
2025/10/29-21:02:46.547245 6cc4 	kCustomCompressionEF supported: 0
2025/10/29-21:02:46.547251 6cc4 	kCustomCompressionF0 supported: 0
2025/10/29-21:02:46.547258 6cc4 	kCustomCompressionF1 supported: 0
2025/10/29-21:02:46.547264 6cc4 	kCustomCompressionF2 supported: 0
2025/10/29-21:02:46.547271 6cc4 	kCustomCompressionF3 supported: 0
2025/10/29-21:02:46.547278 6cc4 	kCustomCompressionF4 supported: 0
2025/10/29-21:02:46.547285 6cc4 	kCustomCompressionF5 supported: 0
2025/10/29-21:02:46.547292 6cc4 	kCustomCompressionF6 supported: 0
2025/10/29-21:02:46.547298 6cc4 	kCustomCompressionF7 supported: 0
2025/10/29-21:02:46.547304 6cc4 	kCustomCompressionF8 supported: 0
2025/10/29-21:02:46.547311 6cc4 	kCustomCompressionF9 supported: 0
2025/10/29-21:02:46.547317 6cc4 	kCustomCompressionFA supported: 0
2025/10/29-21:02:46.547324 6cc4 	kCustomCompressionFB supported: 0
2025/10/29-21:02:46.547331 6cc4 	kCustomCompressionFC supported: 0
2025/10/29-21:02:46.547338 6cc4 	kCustomCompressionFD supported: 0
2025/10/29-21:02:46.547344 6cc4 	kCustomCompressionFE supported: 0
2025/10/29-21:02:46.547355 6cc4 Fast CRC32 supported: Not supported on x86
2025/10/29-21:02:46.547363 6cc4 DMutex implementation: std::mutex
2025/10/29-21:02:46.547370 6cc4 Jemalloc supported: 0
2025/10/29-21:02:46.548136 6cc4 [db\version_set.cc:6116] Recovering from manifest file: C:\VCC\themis\data\themis_server/MANIFEST-001499
2025/10/29-21:02:46.549816 6cc4 [db\column_family.cc:692] --------------- Options for column family [default]:
2025/10/29-21:02:46.549858 6cc4               Options.comparator: leveldb.BytewiseComparator
2025/10/29-21:02:46.549868 6cc4           Options.merge_operator: None
2025/10/29-21:02:46.549874 6cc4        Options.compaction_filter: None
2025/10/29-21:02:46.549881 6cc4        Options.compaction_filter_factory: None
2025/10/29-21:02:46.549887 6cc4  Options.sst_partitioner_factory: None
2025/10/29-21:02:46.549894 6cc4         Options.memtable_factory: SkipListFactory
2025/10/29-21:02:46.549900 6cc4            Options.table_factory: BlockBasedTable
2025/10/29-21:02:46.549947 6cc4            table_factory options:   flush_block_policy_factory: FlushBlockBySizePolicyFactory (000002A926353E70)
  cache_index_and_filter_blocks: 1
  cache_index_and_filter_blocks_with_high_priority: 1
  pin_l0_filter_and_index_blocks_in_cache: 1
  pin_top_level_index_and_filter: 1
  index_type: 0
  data_block_index_type: 0
  index_shortening: 1
  data_block_hash_table_util_ratio: 0.750000
  checksum: 4
  no_block_cache: 0
  block_cache: 000002A926369BD0
  block_cache_name: LRUCache
  block_cache_options:
    capacity : 1073741824
    num_shard_bits : 6
    strict_capacity_limit : 0
    memory_allocator : None
    high_pri_pool_ratio: 0.500
    low_pri_pool_ratio: 0.000
  persistent_cache: 0000000000000000
  block_size: 4096
  block_size_deviation: 10
  block_restart_interval: 16
  index_block_restart_interval: 1
  metadata_block_size: 4096
  partition_filters: 0
  use_delta_encoding: 1
  filter_policy: bloomfilter
  whole_key_filtering: 1
  verify_compression: 0
  read_amp_bytes_per_bit: 0
  format_version: 6
  enable_index_compression: 1
  block_align: 0
  max_auto_readahead_size: 262144
  prepopulate_block_cache: 0
  initial_auto_readahead_size: 8192
  num_file_reads_for_auto_readahead: 2
2025/10/29-21:02:46.549963 6cc4        Options.write_buffer_size: 268435456
2025/10/29-21:02:46.549973 6cc4  Options.max_write_buffer_number: 3
2025/10/29-21:02:46.549981 6cc4          Options.compression: LZ4
2025/10/29-21:02:46.549987 6cc4                  Options.bottommost_compression: ZSTD
2025/10/29-21:02:46.549994 6cc4       Options.prefix_extractor: nullptr
2025/10/29-21:02:46.550000 6cc4   Options.memtable_insert_with_hint_prefix_extractor: nullptr
2025/10/29-21:02:46.550007 6cc4             Options.num_levels: 7
2025/10/29-21:02:46.550014 6cc4        Options.min_write_buffer_number_to_merge: 1
2025/10/29-21:02:46.550021 6cc4     Options.max_write_buffer_size_to_maintain: 805306368
2025/10/29-21:02:46.550027 6cc4            Options.bottommost_compression_opts.window_bits: -14
2025/10/29-21:02:46.550033 6cc4                  Options.bottommost_compression_opts.level: 32767
2025/10/29-21:02:46.550040 6cc4               Options.bottommost_compression_opts.strategy: 0
2025/10/29-21:02:46.550046 6cc4         Options.bottommost_compression_opts.max_dict_bytes: 0
2025/10/29-21:02:46.550052 6cc4         Options.bottommost_compression_opts.zstd_max_train_bytes: 0
2025/10/29-21:02:46.550060 6cc4         Options.bottommost_compression_opts.parallel_threads: 1
2025/10/29-21:02:46.550067 6cc4                  Options.bottommost_compression_opts.enabled: false
2025/10/29-21:02:46.550074 6cc4         Options.bottommost_compression_opts.max_dict_buffer_bytes: 0
2025/10/29-21:02:46.550081 6cc4         Options.bottommost_compression_opts.use_zstd_dict_trainer: true
2025/10/29-21:02:46.550087 6cc4            Options.compression_opts.window_bits: -14
2025/10/29-21:02:46.550093 6cc4                  Options.compression_opts.level: 32767
2025/10/29-21:02:46.550100 6cc4               Options.compression_opts.strategy: 0
2025/10/29-21:02:46.550106 6cc4         Options.compression_opts.max_dict_bytes: 0
2025/10/29-21:02:46.550134 6cc4         Options.compression_opts.zstd_max_train_bytes: 0
2025/10/29-21:02:46.550142 6cc4         Options.compression_opts.use_zstd_dict_trainer: true
2025/10/29-21:02:46.550149 6cc4         Options.compression_opts.parallel_threads: 1
2025/10/29-21:02:46.550156 6cc4                  Options.compression_opts.enabled: false
2025/10/29-21:02:46.550163 6cc4         Options.compression_opts.max_dict_buffer_bytes: 0
2025/10/29-21:02:46.550170 6cc4      Options.level0_file_num_compaction_trigger: 4
2025/10/29-21:02:46.550177 6cc4          Options.level0_slowdown_writes_trigger: 20
2025/10/29-21:02:46.550183 6cc4              Options.level0_stop_writes_trigger: 36
2025/10/29-21:02:46.550191 6cc4                   Options.target_file_size_base: 67108864
2025/10/29-21:02:46.550198 6cc4             Options.target_file_size_multiplier: 1
2025/10/29-21:02:46.550205 6cc4                Options.max_bytes_for_level_base: 268435456
2025/10/29-21:02:46.550230 6cc4 Options.level_compaction_dynamic_level_bytes: 1
2025/10/29-21:02:46.550259 6cc4          Options.max_bytes_for_level_multiplier: 10.000000
2025/10/29-21:02:46.550267 6cc4 Options.max_bytes_for_level_multiplier_addtl[0]: 1
2025/10/29-21:02:46.550273 6cc4 Options.max_bytes_for_level_multiplier_addtl[1]: 1
2025/10/29-21:02:46.550280 6cc4 Options.max_bytes_for_level_multiplier_addtl[2]: 1
2025/10/29-21:02:46.550288 6cc4 Options.max_bytes_for_level_multiplier_addtl[3]: 1
2025/10/29-21:02:46.550295 6cc4 Options.max_bytes_for_level_multiplier_addtl[4]: 1
2025/10/29-21:02:46.550302 6cc4 Options.max_bytes_for_level_multiplier_addtl[5]: 1
2025/10/29-21:02:46.550309 6cc4 Options.max_bytes_for_level_multiplier_addtl[6]: 1
2025/10/29-21:02:46.550316 6cc4       Options.max_sequential_skip_in_iterations: 8
2025/10/29-21:02:46.550341 6cc4          Options.memtable_op_scan_flush_trigger: 0
2025/10/29-21:02:46.550347 6cc4      Options.memtable_avg_op_scan_flush_trigger: 0
2025/10/29-21:02:46.550374 6cc4                    Options.max_compaction_bytes: 1677721600
2025/10/29-21:02:46.550381 6cc4                        Options.arena_block_size: 1048576
2025/10/29-21:02:46.550388 6cc4   Options.soft_pending_compaction_bytes_limit: 68719476736
2025/10/29-21:02:46.550397 6cc4   Options.hard_pending_compaction_bytes_limit: 274877906944
2025/10/29-21:02:46.550406 6cc4                Options.disable_auto_compactions: 1
2025/10/29-21:02:46.550414 6cc4                        Options.compaction_style: kCompactionStyleLevel
2025/10/29-21:02:46.550424 6cc4                          Options.compaction_pri: kMinOverlappingRatio
2025/10/29-21:02:46.550432 6cc4 Options.compaction_options_universal.size_ratio: 1
2025/10/29-21:02:46.550440 6cc4 Options.compaction_options_universal.min_merge_width: 2
2025/10/29-21:02:46.550447 6cc4 Options.compaction_options_universal.max_merge_width: 4294967295
2025/10/29-21:02:46.550454 6cc4 Options.compaction_options_universal.max_size_amplification_percent: 200
2025/10/29-21:02:46.550461 6cc4 Options.compaction_options_universal.compression_size_percent: -1
2025/10/29-21:02:46.550468 6cc4 Options.compaction_options_universal.stop_style: kCompactionStopStyleTotalSize
2025/10/29-21:02:46.550475 6cc4 Options.compaction_options_universal.max_read_amp: -1
2025/10/29-21:02:46.550482 6cc4 Options.compaction_options_universal.reduce_file_locking: 0
2025/10/29-21:02:46.550488 6cc4 Options.compaction_options_fifo.max_table_files_size: 1073741824
2025/10/29-21:02:46.550496 6cc4 Options.compaction_options_fifo.allow_compaction: 0
2025/10/29-21:02:46.550506 6cc4                   Options.table_properties_collectors: 
2025/10/29-21:02:46.550514 6cc4                   Options.inplace_update_support: 0
2025/10/29-21:02:46.550520 6cc4                 Options.inplace_update_num_locks: 10000
2025/10/29-21:02:46.550527 6cc4               Options.memtable_prefix_bloom_size_ratio: 0.000000
2025/10/29-21:02:46.550534 6cc4               Options.memtable_whole_key_filtering: 0
2025/10/29-21:02:46.550541 6cc4   Options.memtable_huge_page_size: 0
2025/10/29-21:02:46.550547 6cc4                           Options.bloom_locality: 0
2025/10/29-21:02:46.550555 6cc4                    Options.max_successive_merges: 0
2025/10/29-21:02:46.550562 6cc4             Options.strict_max_successive_merges: 0
2025/10/29-21:02:46.550569 6cc4                Options.optimize_filters_for_hits: 0
2025/10/29-21:02:46.550575 6cc4                Options.paranoid_file_checks: 0
2025/10/29-21:02:46.550582 6cc4                Options.force_consistency_checks: 1
2025/10/29-21:02:46.550588 6cc4                Options.report_bg_io_stats: 0
2025/10/29-21:02:46.550595 6cc4                Options.disallow_memtable_writes: 0
2025/10/29-21:02:46.550601 6cc4                               Options.ttl: 2592000
2025/10/29-21:02:46.550609 6cc4          Options.periodic_compaction_seconds: 0
2025/10/29-21:02:46.550617 6cc4                        Options.default_temperature: kUnknown
2025/10/29-21:02:46.550624 6cc4  Options.preclude_last_level_data_seconds: 0
2025/10/29-21:02:46.550631 6cc4    Options.preserve_internal_time_seconds: 0
2025/10/29-21:02:46.550657 6cc4                       Options.enable_blob_files: false
2025/10/29-21:02:46.550664 6cc4                           Options.min_blob_size: 0
2025/10/29-21:02:46.550670 6cc4                          Options.blob_file_size: 268435456
2025/10/29-21:02:46.550677 6cc4                   Options.blob_compression_type: NoCompression
2025/10/29-21:02:46.550684 6cc4          Options.enable_blob_garbage_collection: false
2025/10/29-21:02:46.550691 6cc4      Options.blob_garbage_collection_age_cutoff: 0.250000
2025/10/29-21:02:46.550719 6cc4 Options.blob_garbage_collection_force_threshold: 1.000000
2025/10/29-21:02:46.550727 6cc4          Options.blob_compaction_readahead_size: 0
2025/10/29-21:02:46.550733 6cc4                Options.blob_file_starting_level: 0
2025/10/29-21:02:46.550740 6cc4         Options.experimental_mempurge_threshold: 0.000000
2025/10/29-21:02:46.550747 6cc4            Options.memtable_max_range_deletions: 0
2025/10/29-21:02:46.552463 6cc4 [db\version_set.cc:6174] Recovered from manifest file:C:\VCC\themis\data\themis_server/MANIFEST-001499 succeeded,manifest_file_number is 1499, next_file_number is 1501, last_sequence is 80, log_number is 1492,prev_log_number is 0,max_column_family is 0,min_log_number_to_keep is 0
2025/10/29-21:02:46.552533 6cc4 [db\version_set.cc:6183] Column family [default] (ID 0), log number is 1492
2025/10/29-21:02:46.552778 6cc4 [db\db_impl\db_impl_open.cc:692] DB ID: 91529813-b413-11f0-8e09-b42e99fe92b3
2025/10/29-21:02:46.554036 6cc4 EVENT_LOG_v1 {"time_micros": 1761768166553945, "job": 1, "event": "recovery_started", "wal_files": [4, 10, 16, 22, 28, 34, 40, 46, 52, 58, 64, 70, 76, 82, 88, 94, 100, 106, 113, 120, 126, 133, 139, 145, 151, 157, 163, 169, 175, 181, 187, 193, 200, 208, 214, 221, 229, 235, 241, 247, 253, 259, 265, 271, 277, 283, 290, 297, 306, 313, 320, 326, 332, 338, 344, 350, 356, 362, 368, 374, 381, 388, 397, 404, 411, 417, 423, 429, 435, 441, 447, 453, 459, 465, 472, 482, 491, 498, 504, 510, 516, 522, 528, 534, 540, 546, 552, 558, 565, 572, 578, 585, 592, 598, 604, 610, 616, 622, 628, 634, 640, 646, 653, 663, 669, 676, 683, 689, 695, 701, 707, 713, 719, 725, 731, 737, 744, 751, 759, 766, 773, 779, 785, 791, 797, 803, 809, 815, 821, 827, 834, 844, 852, 859, 865, 871, 877, 883, 889, 895, 901, 907, 913, 919, 926, 933, 939, 946, 953, 959, 965, 971, 977, 983, 989, 995, 1001, 1007, 1014, 1023, 1029, 1036, 1043, 1049, 1055, 1061, 1067, 1073, 1079, 1085, 1091, 1097, 1104, 1111, 1119, 1126, 1133, 1139, 1145, 1151, 1157, 1163, 1169, 1175, 1181, 1187, 1193, 1200, 1209, 1217, 1224, 1230, 1236, 1242, 1248, 1254, 1260, 1266, 1272, 1278, 1284, 1291, 1298, 1304, 1311, 1318, 1324, 1330, 1336, 1342, 1348, 1354, 1360, 1366, 1372, 1379, 1388, 1394, 1401, 1408, 1414, 1420, 1426, 1432, 1438, 1444, 1450, 1456, 1462, 1469, 1476, 1484, 1491, 1498]}
2025/10/29-21:02:46.554061 6cc4 [db\db_impl\db_impl_open.cc:1379] Recovering log #4 mode 2
2025/10/29-21:02:46.554220 6cc4 [db\db_impl\db_impl_open.cc:1353] Recovered to log #4 next seq #72057594037927935
2025/10/29-21:02:46.554331 6cc4 [db\db_impl\db_impl_open.cc:1379] Recovering log #10 mode 2
2025/10/29-21:02:46.554465 6cc4 [db\db_impl\db_impl_open.cc:1353] Recovered to log #10 next seq #72057594037927935
2025/10/29-21:02:46.554562 6cc4 [db\db_impl\db_impl_open.cc:1379] Recovering log #16 mode 2
2025/10/29-21:02:46.554663 6cc4 [db\db_impl\db_impl_open.cc:1353] Recovered to log #16 next seq #72057594037927935
2025/10/29-21:02:46.554763 6cc4 [db\db_impl\db_impl_open.cc:1379] Recovering log #22 mode 2
2025/10/29-21:02:46.554835 6cc4 [db\db_impl\db_impl_open.cc:1353] Recovered to log #22 next seq #72057594037927935
2025/10/29-21:02:46.554924 6cc4 [db\db_impl\db_impl_open.cc:1379] Recovering log #28 mode 2
2025/10/29-21:02:46.555036 6cc4 [db\db_impl\db_impl_open.cc:1353] Recovered to log #28 next seq #72057594037927935
2025/10/29-21:02:46.555103 6cc4 [db\db_impl\db_impl_open.cc:1379] Recovering log #34 mode 2
2025/10/29-21:02:46.555173 6cc4 [db\db_impl\db_impl_open.cc:1353] Recovered to log #34 next seq #72057594037927935
2025/10/29-21:02:46.555240 6cc4 [db\db_impl\db_impl_open.cc:1379] Recovering log #40 mode 2
2025/10/29-21:02:46.555308 6cc4 [db\db_impl\db_impl_open.cc:1353] Recovered to log #40 next seq #72057594037927935
2025/10/29-21:02:46.555376 6cc4 [db\db_impl\db_impl_open.cc:1379] Recovering log #46 mode 2
2025/10/29-21:02:46.555446 6cc4 [db\db_impl\db_impl_open.cc:1353] Recovered to log #46 next seq #72057594037927935
2025/10/29-21:02:46.555511 6cc4 [db\db_impl\db_impl_open.cc:1379] Recovering log #52 mode 2
2025/10/29-21:02:46.555579 6cc4 [db\db_impl\db_impl_open.cc:1353] Recovered to log #52 next seq #72057594037927935
2025/10/29-21:02:46.555644 6cc4 [db\db_impl\db_impl_open.cc:1379] Recovering log #58 mode 2
2025/10/29-21:02:46.555712 6cc4 [db\db_impl\db_impl_open.cc:1353] Recovered to log #58 next seq #72057594037927935
2025/10/29-21:02:46.555777 6cc4 [db\db_impl\db_impl_open.cc:1379] Recovering log #64 mode 2
2025/10/29-21:02:46.555845 6cc4 [db\db_impl\db_impl_open.cc:1353] Recovered to log #64 next seq #72057594037927935
2025/10/29-21:02:46.555957 6cc4 [db\db_impl\db_impl_open.cc:1379] Recovering log #70 mode 2
2025/10/29-21:02:46.556048 6cc4 [db\db_impl\db_impl_open.cc:1353] Recovered to log #70 next seq #72057594037927935
2025/10/29-21:02:46.556119 6cc4 [db\db_impl\db_impl_open.cc:1379] Recovering log #76 mode 2
2025/10/29-21:02:46.556186 6cc4 [db\db_impl\db_impl_open.cc:1353] Recovered to log #76 next seq #72057594037927935
2025/10/29-21:02:46.556251 6cc4 [db\db_impl\db_impl_open.cc:1379] Recovering log #82 mode 2
2025/10/29-21:02:46.556319 6cc4 [db\db_impl\db_impl_open.cc:1353] Recovered to log #82 next seq #72057594037927935
2025/10/29-21:02:46.556398 6cc4 [db\db_impl\db_impl_open.cc:1379] Recovering log #88 mode 2
2025/10/29-21:02:46.556469 6cc4 [db\db_impl\db_impl_open.cc:1353] Recovered to log #88 next seq #72057594037927935
2025/10/29-21:02:46.556546 6cc4 [db\db_impl\db_impl_open.cc:1379] Recovering log #94 mode 2
2025/10/29-21:02:46.556624 6cc4 [db\db_impl\db_impl_open.cc:1353] Recovered to log #94 next seq #72057594037927935
2025/10/29-21:02:46.556689 6cc4 [db\db_impl\db_impl_open.cc:1379] Recovering log #100 mode 2
2025/10/29-21:02:46.556756 6cc4 [db\db_impl\db_impl_open.cc:1353] Recovered to log #100 next seq #72057594037927935
2025/10/29-21:02:46.556819 6cc4 [db\db_impl\db_impl_open.cc:1379] Recovering log #106 mode 2
2025/10/29-21:02:46.556969 6cc4 [db\db_impl\db_impl_open.cc:1353] Recovered to log #106 next seq #2
2025/10/29-21:02:46.557048 6cc4 [db\db_impl\db_impl_open.cc:1379] Recovering log #113 mode 2
2025/10/29-21:02:46.557182 6cc4 [db\db_impl\db_impl_open.cc:1353] Recovered to log #113 next seq #4
2025/10/29-21:02:46.557268 6cc4 [db\db_impl\db_impl_open.cc:1379] Recovering log #120 mode 2
2025/10/29-21:02:46.557438 6cc4 [db\db_impl\db_impl_open.cc:1353] Recovered to log #120 next seq #4
2025/10/29-21:02:46.557536 6cc4 [db\db_impl\db_impl_open.cc:1379] Recovering log #126 mode 2
2025/10/29-21:02:46.557656 6cc4 [db\db_impl\db_impl_open.cc:1353] Recovered to log #126 next seq #6
2025/10/29-21:02:46.557727 6cc4 [db\db_impl\db_impl_open.cc:1379] Recovering log #133 mode 2
2025/10/29-21:02:46.557800 6cc4 [db\db_impl\db_impl_open.cc:1353] Recovered to log #133 next seq #6
2025/10/29-21:02:46.557868 6cc4 [db\db_impl\db_impl_open.cc:1379] Recovering log #139 mode 2
2025/10/29-21:02:46.557937 6cc4 [db\db_impl\db_impl_open.cc:1353] Recovered to log #139 next seq #6
2025/10/29-21:02:46.558003 6cc4 [db\db_impl\db_impl_open.cc:1379] Recovering log #145 mode 2
2025/10/29-21:02:46.558069 6cc4 [db\db_impl\db_impl_open.cc:1353] Recovered to log #145 next seq #6
2025/10/29-21:02:46.558135 6cc4 [db\db_impl\db_impl_open.cc:1379] Recovering log #151 mode 2
2025/10/29-21:02:46.558230 6cc4 [db\db_impl\db_impl_open.cc:1353] Recovered to log #151 next seq #6
2025/10/29-21:02:46.558316 6cc4 [db\db_impl\db_impl_open.cc:1379] Recovering log #157 mode 2
2025/10/29-21:02:46.558436 6cc4 [db\db_impl\db_impl_open.cc:1353] Recovered to log #157 next seq #6
2025/10/29-21:02:46.558518 6cc4 [db\db_impl\db_impl_open.cc:1379] Recovering log #163 mode 2
2025/10/29-21:02:46.558594 6cc4 [db\db_impl\db_impl_open.cc:1353] Recovered to log #163 next seq #6
