2025/10/30-07:42:11.086827 6efc RocksDB version: 10.4.2
2025/10/30-07:42:11.086906 6efc Git sha 0
2025/10/30-07:42:11.086935 6efc Compile date 2025-10-27 15:09:02
2025/10/30-07:42:11.086958 6efc DB SUMMARY
2025/10/30-07:42:11.086978 6efc Host name (Env):  DESKTOP-712S8LO
2025/10/30-07:42:11.086996 6efc DB Session ID:  I2VFA84PEMU8YZ3MX864
2025/10/30-07:42:11.099240 6efc CURRENT file:  CURRENT
2025/10/30-07:42:11.099277 6efc IDENTITY file:  IDENTITY
2025/10/30-07:42:11.099347 6efc MANIFEST file:  MANIFEST-002016 size: 657 Bytes
2025/10/30-07:42:11.099370 6efc SST files in C:\VCC\themis\data\themis_server dir, Total Num: 4, files: 001924.sst 001928.sst 001941.sst 001990.sst 
2025/10/30-07:42:11.099396 6efc Write Ahead Log file in C:\VCC\themis\data\themis_server: 000004.log size: 0 ; 000010.log size: 0 ; 000016.log size: 0 ; 000022.log size: 0 ; 000028.log size: 0 ; 000034.log size: 0 ; 000040.log size: 0 ; 000046.log size: 0 ; 000052.log size: 0 ; 000058.log size: 0 ; 000064.log size: 0 ; 000070.log size: 0 ; 000076.log size: 0 ; 000082.log size: 0 ; 000088.log size: 0 ; 000094.log size: 0 ; 000100.log size: 0 ; 000106.log size: 42 ; 000113.log size: 90 ; 000120.log size: 0 ; 000126.log size: 86 ; 000133.log size: 0 ; 000139.log size: 0 ; 000145.log size: 0 ; 000151.log size: 0 ; 000157.log size: 0 ; 000163.log size: 0 ; 000169.log size: 0 ; 000175.log size: 0 ; 000181.log size: 0 ; 000187.log size: 0 ; 000193.log size: 42 ; 000200.log size: 90 ; 000208.log size: 0 ; 000214.log size: 86 ; 000221.log size: 0 ; 000229.log size: 0 ; 000235.log size: 0 ; 000241.log size: 0 ; 000247.log size: 0 ; 000253.log size: 0 ; 000259.log size: 0 ; 000265.log size: 0 ; 000271.log size: 0 ; 000277.log size: 0 ; 000283.log size: 42 ; 000290.log size: 90 ; 000297.log size: 0 ; 000306.log size: 86 ; 000313.log size: 0 ; 000320.log size: 0 ; 000326.log size: 0 ; 000332.log size: 0 ; 000338.log size: 0 ; 000344.log size: 0 ; 000350.log size: 0 ; 000356.log size: 0 ; 000362.log size: 0 ; 000368.log size: 0 ; 000374.log size: 42 ; 000381.log size: 90 ; 000388.log size: 0 ; 000397.log size: 86 ; 000404.log size: 0 ; 000411.log size: 0 ; 000417.log size: 0 ; 000423.log size: 0 ; 000429.log size: 0 ; 000435.log size: 0 ; 000441.log size: 0 ; 000447.log size: 0 ; 000453.log size: 0 ; 000459.log size: 0 ; 000465.log size: 42 ; 000472.log size: 90 ; 000482.log size: 0 ; 000491.log size: 86 ; 000498.log size: 0 ; 000504.log size: 0 ; 000510.log size: 0 ; 000516.log size: 0 ; 000522.log size: 0 ; 000528.log size: 0 ; 000534.log size: 0 ; 000540.log size: 0 ; 000546.log size: 0 ; 000552.log size: 0 ; 000558.log size: 42 ; 000565.log size: 90 ; 000572.log size: 0 ; 000578.log size: 86 ; 000585.log size: 0 ; 000592.log size: 0 ; 000598.log size: 0 ; 000604.log size: 0 ; 000610.log size: 0 ; 000616.log size: 0 ; 000622.log size: 0 ; 000628.log size: 0 ; 000634.log size: 0 ; 000640.log size: 0 ; 000646.log size: 42 ; 000653.log size: 90 ; 000663.log size: 0 ; 000669.log size: 86 ; 000676.log size: 0 ; 000683.log size: 0 ; 000689.log size: 0 ; 000695.log size: 0 ; 000701.log size: 0 ; 000707.log size: 0 ; 000713.log size: 0 ; 000719.log size: 0 ; 000725.log size: 0 ; 000731.log size: 0 ; 000737.log size: 42 ; 000744.log size: 90 ; 000751.log size: 0 ; 000759.log size: 86 ; 000766.log size: 0 ; 000773.log size: 0 ; 000779.log size: 0 ; 000785.log size: 0 ; 000791.log size: 0 ; 000797.log size: 0 ; 000803.log size: 0 ; 000809.log size: 0 ; 000815.log size: 0 ; 000821.log size: 0 ; 000827.log size: 42 ; 000834.log size: 90 ; 000844.log size: 0 ; 000852.log size: 86 ; 000859.log size: 0 ; 000865.log size: 0 ; 000871.log size: 0 ; 000877.log size: 0 ; 000883.log size: 0 ; 000889.log size: 0 ; 000895.log size: 0 ; 000901.log size: 0 ; 000907.log size: 0 ; 000913.log size: 0 ; 000919.log size: 42 ; 000926.log size: 90 ; 000933.log size: 0 ; 000939.log size: 86 ; 000946.log size: 0 ; 000953.log size: 0 ; 000959.log size: 0 ; 000965.log size: 0 ; 000971.log size: 0 ; 000977.log size: 0 ; 000983.log size: 0 ; 000989.log size: 0 ; 000995.log size: 0 ; 001001.log size: 0 ; 001007.log size: 42 ; 001014.log size: 90 ; 001023.log size: 0 ; 001029.log size: 86 ; 001036.log size: 0 ; 001043.log size: 0 ; 001049.log size: 0 ; 001055.log size: 0 ; 001061.log size: 0 ; 001067.log size: 0 ; 001073.log size: 0 ; 001079.log size: 0 ; 001085.log size: 0 ; 001091.log size: 0 ; 001097.log size: 42 ; 001104.log size: 90 ; 001111.log size: 0 ; 001119.log size: 86 ; 001126.log size: 0 ; 001133.log size: 0 ; 001139.log size: 0 ; 001145.log size: 0 ; 001151.log size: 0 ; 001157.log size: 0 ; 001163.log size: 0 ; 001169.log size: 0 ; 001175.log size: 0 ; 001181.log size: 0 ; 001187.log size: 0 ; 001193.log size: 42 ; 001200.log size: 90 ; 001209.log size: 0 ; 001217.log size: 86 ; 001224.log size: 0 ; 001230.log size: 0 ; 001236.log size: 0 ; 001242.log size: 0 ; 001248.log size: 0 ; 001254.log size: 0 ; 001260.log size: 0 ; 001266.log size: 0 ; 001272.log size: 0 ; 001278.log size: 0 ; 001284.log size: 42 ; 001291.log size: 90 ; 001298.log size: 0 ; 001304.log size: 86 ; 001311.log size: 0 ; 001318.log size: 0 ; 001324.log size: 0 ; 001330.log size: 0 ; 001336.log size: 0 ; 001342.log size: 0 ; 001348.log size: 0 ; 001354.log size: 0 ; 001360.log size: 0 ; 001366.log size: 0 ; 001372.log size: 42 ; 001379.log size: 90 ; 001388.log size: 0 ; 001394.log size: 86 ; 001401.log size: 0 ; 001408.log size: 0 ; 001414.log size: 0 ; 001420.log size: 0 ; 001426.log size: 0 ; 001432.log size: 0 ; 001438.log size: 0 ; 001444.log size: 0 ; 001450.log size: 0 ; 001456.log size: 0 ; 001462.log size: 42 ; 001469.log size: 90 ; 001476.log size: 0 ; 001484.log size: 86 ; 001491.log size: 0 ; 001498.log size: 0 ; 001504.log size: 0 ; 001510.log size: 0 ; 001516.log size: 244 ; 001523.log size: 876 ; 001532.log size: 0 ; 001538.log size: 0 ; 001544.log size: 0 ; 001550.log size: 0 ; 001556.log size: 0 ; 001562.log size: 0 ; 001568.log size: 0 ; 001574.log size: 0 ; 001580.log size: 0 ; 001586.log size: 0 ; 001592.log size: 0 ; 001598.log size: 0 ; 001604.log size: 0 ; 001610.log size: 0 ; 001616.log size: 0 ; 001622.log size: 0 ; 001628.log size: 0 ; 001634.log size: 0 ; 001640.log size: 0 ; 001646.log size: 0 ; 001652.log size: 0 ; 001658.log size: 0 ; 001664.log size: 0 ; 001670.log size: 0 ; 001676.log size: 42 ; 001683.log size: 90 ; 001690.log size: 0 ; 001696.log size: 86 ; 001703.log size: 0 ; 001711.log size: 0 ; 001717.log size: 0 ; 001723.log size: 0 ; 001729.log size: 0 ; 001735.log size: 0 ; 001741.log size: 0 ; 001747.log size: 0 ; 001753.log size: 0 ; 001759.log size: 0 ; 001765.log size: 0 ; 001771.log size: 42 ; 001778.log size: 90 ; 001785.log size: 0 ; 001791.log size: 86 ; 001798.log size: 0 ; 001804.log size: 0 ; 001810.log size: 0 ; 001816.log size: 0 ; 001822.log size: 0 ; 001828.log size: 0 ; 001834.log size: 0 ; 001840.log size: 0 ; 001846.log size: 0 ; 001852.log size: 0 ; 001858.log size: 0 ; 001864.log size: 0 ; 001870.log size: 0 ; 001876.log size: 0 ; 001882.log size: 0 ; 001888.log size: 0 ; 001894.log size: 0 ; 001900.log size: 0 ; 001906.log size: 0 ; 001912.log size: 42 ; 001919.log size: 90 ; 001929.log size: 0 ; 001935.log size: 86 ; 001942.log size: 0 ; 001948.log size: 0 ; 001954.log size: 0 ; 001960.log size: 0 ; 001966.log size: 0 ; 001972.log size: 0 ; 001978.log size: 0 ; 001984.log size: 167 ; 001991.log size: 0 ; 001997.log size: 0 ; 002003.log size: 0 ; 002009.log size: 0 ; 002015.log size: 0 ; 
2025/10/30-07:42:11.099649 6efc                         Options.error_if_exists: 0
2025/10/30-07:42:11.099667 6efc                       Options.create_if_missing: 1
2025/10/30-07:42:11.099674 6efc                         Options.paranoid_checks: 1
2025/10/30-07:42:11.099680 6efc             Options.flush_verify_memtable_count: 1
2025/10/30-07:42:11.099686 6efc          Options.compaction_verify_record_count: 1
2025/10/30-07:42:11.099692 6efc                               Options.track_and_verify_wals_in_manifest: 0
2025/10/30-07:42:11.099698 6efc                               Options.track_and_verify_wals: 0
2025/10/30-07:42:11.099704 6efc        Options.verify_sst_unique_id_in_manifest: 1
2025/10/30-07:42:11.099752 6efc                                     Options.env: 000002981779D1C0
2025/10/30-07:42:11.099763 6efc                                      Options.fs: WinFS
2025/10/30-07:42:11.099770 6efc                                Options.info_log: 0000029817842FE0
2025/10/30-07:42:11.099776 6efc                Options.max_file_opening_threads: 16
2025/10/30-07:42:11.099782 6efc                              Options.statistics: 00000298178476C0
2025/10/30-07:42:11.099788 6efc                              Options.statistics stats level: 1
2025/10/30-07:42:11.099794 6efc                               Options.use_fsync: 0
2025/10/30-07:42:11.099800 6efc                       Options.max_log_file_size: 0
2025/10/30-07:42:11.099808 6efc                  Options.max_manifest_file_size: 1073741824
2025/10/30-07:42:11.099815 6efc                   Options.log_file_time_to_roll: 0
2025/10/30-07:42:11.099822 6efc                       Options.keep_log_file_num: 1000
2025/10/30-07:42:11.099828 6efc                    Options.recycle_log_file_num: 0
2025/10/30-07:42:11.099834 6efc                         Options.allow_fallocate: 1
2025/10/30-07:42:11.099840 6efc                        Options.allow_mmap_reads: 0
2025/10/30-07:42:11.099846 6efc                       Options.allow_mmap_writes: 0
2025/10/30-07:42:11.099853 6efc                        Options.use_direct_reads: 0
2025/10/30-07:42:11.099860 6efc                        Options.use_direct_io_for_flush_and_compaction: 0
2025/10/30-07:42:11.099867 6efc          Options.create_missing_column_families: 0
2025/10/30-07:42:11.099874 6efc                              Options.db_log_dir: 
2025/10/30-07:42:11.099880 6efc                                 Options.wal_dir: 
2025/10/30-07:42:11.099886 6efc                Options.table_cache_numshardbits: 6
2025/10/30-07:42:11.099892 6efc                         Options.WAL_ttl_seconds: 0
2025/10/30-07:42:11.099898 6efc                       Options.WAL_size_limit_MB: 0
2025/10/30-07:42:11.099904 6efc                        Options.max_write_batch_group_size_bytes: 1048576
2025/10/30-07:42:11.099911 6efc             Options.manifest_preallocation_size: 4194304
2025/10/30-07:42:11.099918 6efc                     Options.is_fd_close_on_exec: 1
2025/10/30-07:42:11.099925 6efc                   Options.advise_random_on_open: 1
2025/10/30-07:42:11.099931 6efc                    Options.db_write_buffer_size: 0
2025/10/30-07:42:11.099937 6efc                    Options.write_buffer_manager: 000002981779D0D0
2025/10/30-07:42:11.099943 6efc                      Options.use_adaptive_mutex: 0
2025/10/30-07:42:11.099949 6efc                            Options.rate_limiter: 0000000000000000
2025/10/30-07:42:11.099959 6efc     Options.sst_file_manager.rate_bytes_per_sec: 0
2025/10/30-07:42:11.099967 6efc                       Options.wal_recovery_mode: 2
2025/10/30-07:42:11.099975 6efc                  Options.enable_thread_tracking: 0
2025/10/30-07:42:11.099981 6efc                  Options.enable_pipelined_write: 0
2025/10/30-07:42:11.099988 6efc                  Options.unordered_write: 0
2025/10/30-07:42:11.099994 6efc         Options.allow_concurrent_memtable_write: 1
2025/10/30-07:42:11.100000 6efc      Options.enable_write_thread_adaptive_yield: 1
2025/10/30-07:42:11.100006 6efc             Options.write_thread_max_yield_usec: 100
2025/10/30-07:42:11.100013 6efc            Options.write_thread_slow_yield_usec: 3
2025/10/30-07:42:11.100021 6efc                               Options.row_cache: None
2025/10/30-07:42:11.100027 6efc                              Options.wal_filter: None
2025/10/30-07:42:11.100034 6efc             Options.avoid_flush_during_recovery: 0
2025/10/30-07:42:11.100040 6efc             Options.allow_ingest_behind: 0
2025/10/30-07:42:11.100046 6efc             Options.two_write_queues: 0
2025/10/30-07:42:11.100052 6efc             Options.manual_wal_flush: 0
2025/10/30-07:42:11.100058 6efc             Options.wal_compression: 0
2025/10/30-07:42:11.100083 6efc             Options.background_close_inactive_wals: 0
2025/10/30-07:42:11.100091 6efc             Options.atomic_flush: 0
2025/10/30-07:42:11.100099 6efc             Options.avoid_unnecessary_blocking_io: 0
2025/10/30-07:42:11.100105 6efc             Options.prefix_seek_opt_in_only: 0
2025/10/30-07:42:11.100111 6efc                 Options.persist_stats_to_disk: 0
2025/10/30-07:42:11.100117 6efc                 Options.write_dbid_to_manifest: 1
2025/10/30-07:42:11.100123 6efc                 Options.write_identity_file: 1
2025/10/30-07:42:11.100129 6efc                 Options.log_readahead_size: 0
2025/10/30-07:42:11.100136 6efc                 Options.file_checksum_gen_factory: Unknown
2025/10/30-07:42:11.100143 6efc                 Options.best_efforts_recovery: 0
2025/10/30-07:42:11.100149 6efc                Options.max_bgerror_resume_count: 2147483647
2025/10/30-07:42:11.100156 6efc            Options.bgerror_resume_retry_interval: 1000000
2025/10/30-07:42:11.100162 6efc             Options.allow_data_in_errors: 0
2025/10/30-07:42:11.100168 6efc             Options.db_host_id: __hostname__
2025/10/30-07:42:11.100174 6efc             Options.enforce_single_del_contracts: true
2025/10/30-07:42:11.100180 6efc             Options.metadata_write_temperature: kUnknown
2025/10/30-07:42:11.100188 6efc             Options.wal_write_temperature: kUnknown
2025/10/30-07:42:11.100194 6efc             Options.max_background_jobs: 4
2025/10/30-07:42:11.100201 6efc             Options.max_background_compactions: -1
2025/10/30-07:42:11.100207 6efc             Options.max_subcompactions: 1
2025/10/30-07:42:11.100213 6efc             Options.avoid_flush_during_shutdown: 0
2025/10/30-07:42:11.100219 6efc           Options.writable_file_max_buffer_size: 1048576
2025/10/30-07:42:11.100225 6efc             Options.delayed_write_rate : 16777216
2025/10/30-07:42:11.100231 6efc             Options.max_total_wal_size: 0
2025/10/30-07:42:11.100238 6efc             Options.delete_obsolete_files_period_micros: 21600000000
2025/10/30-07:42:11.100245 6efc                   Options.stats_dump_period_sec: 600
2025/10/30-07:42:11.100252 6efc                 Options.stats_persist_period_sec: 600
2025/10/30-07:42:11.100258 6efc                 Options.stats_history_buffer_size: 1048576
2025/10/30-07:42:11.100264 6efc                          Options.max_open_files: -1
2025/10/30-07:42:11.100270 6efc                          Options.bytes_per_sync: 0
2025/10/30-07:42:11.100276 6efc                      Options.wal_bytes_per_sync: 0
2025/10/30-07:42:11.100282 6efc                   Options.strict_bytes_per_sync: 0
2025/10/30-07:42:11.100289 6efc       Options.compaction_readahead_size: 2097152
2025/10/30-07:42:11.100296 6efc                  Options.max_background_flushes: -1
2025/10/30-07:42:11.100302 6efc Options.daily_offpeak_time_utc: 
2025/10/30-07:42:11.100308 6efc Compression algorithms supported:
2025/10/30-07:42:11.100316 6efc 	kZSTD supported: 1
2025/10/30-07:42:11.100323 6efc 	kCustomCompressionA3 supported: 0
2025/10/30-07:42:11.100329 6efc 	kSnappyCompression supported: 0
2025/10/30-07:42:11.100336 6efc 	kCustomCompressionA5 supported: 0
2025/10/30-07:42:11.100343 6efc 	kBZip2Compression supported: 0
2025/10/30-07:42:11.100350 6efc 	kZlibCompression supported: 1
2025/10/30-07:42:11.100356 6efc 	kLZ4Compression supported: 1
2025/10/30-07:42:11.100362 6efc 	kXpressCompression supported: 0
2025/10/30-07:42:11.100368 6efc 	kCustomCompressionA7 supported: 0
2025/10/30-07:42:11.100374 6efc 	kLZ4HCCompression supported: 1
2025/10/30-07:42:11.100380 6efc 	kCustomCompressionB2 supported: 0
2025/10/30-07:42:11.100387 6efc 	kCustomCompression9C supported: 0
2025/10/30-07:42:11.100412 6efc 	kCustomCompression80 supported: 0
2025/10/30-07:42:11.100418 6efc 	kCustomCompressionB3 supported: 0
2025/10/30-07:42:11.100425 6efc 	kCustomCompression9B supported: 0
2025/10/30-07:42:11.100431 6efc 	kCustomCompression81 supported: 0
2025/10/30-07:42:11.100437 6efc 	kCustomCompressionB0 supported: 0
2025/10/30-07:42:11.100460 6efc 	kCustomCompression9A supported: 0
2025/10/30-07:42:11.100466 6efc 	kCustomCompression82 supported: 0
2025/10/30-07:42:11.100490 6efc 	kCustomCompressionB1 supported: 0
2025/10/30-07:42:11.100499 6efc 	kCustomCompression83 supported: 0
2025/10/30-07:42:11.100506 6efc 	kCustomCompressionB6 supported: 0
2025/10/30-07:42:11.100512 6efc 	kCustomCompression84 supported: 0
2025/10/30-07:42:11.100517 6efc 	kCustomCompressionB7 supported: 0
2025/10/30-07:42:11.100523 6efc 	kCustomCompression9F supported: 0
2025/10/30-07:42:11.100529 6efc 	kCustomCompression85 supported: 0
2025/10/30-07:42:11.100535 6efc 	kCustomCompressionB4 supported: 0
2025/10/30-07:42:11.100541 6efc 	kCustomCompression9E supported: 0
2025/10/30-07:42:11.100548 6efc 	kCustomCompression86 supported: 0
2025/10/30-07:42:11.100554 6efc 	kCustomCompressionB5 supported: 0
2025/10/30-07:42:11.100560 6efc 	kCustomCompression9D supported: 0
2025/10/30-07:42:11.100566 6efc 	kCustomCompression87 supported: 0
2025/10/30-07:42:11.100572 6efc 	kCustomCompression88 supported: 0
2025/10/30-07:42:11.100577 6efc 	kCustomCompression89 supported: 0
2025/10/30-07:42:11.100583 6efc 	kCustomCompression92 supported: 0
2025/10/30-07:42:11.100590 6efc 	kCustomCompression8A supported: 0
2025/10/30-07:42:11.100597 6efc 	kCustomCompression91 supported: 0
2025/10/30-07:42:11.100603 6efc 	kCustomCompression8B supported: 0
2025/10/30-07:42:11.100610 6efc 	kCustomCompression90 supported: 0
2025/10/30-07:42:11.100615 6efc 	kCustomCompression8C supported: 0
2025/10/30-07:42:11.100621 6efc 	kCustomCompression97 supported: 0
2025/10/30-07:42:11.100627 6efc 	kCustomCompression8D supported: 0
2025/10/30-07:42:11.100633 6efc 	kCustomCompression96 supported: 0
2025/10/30-07:42:11.100640 6efc 	kCustomCompression8E supported: 0
2025/10/30-07:42:11.100647 6efc 	kCustomCompression95 supported: 0
2025/10/30-07:42:11.100653 6efc 	kCustomCompression8F supported: 0
2025/10/30-07:42:11.100659 6efc 	kCustomCompression93 supported: 0
2025/10/30-07:42:11.100665 6efc 	kCustomCompression94 supported: 0
2025/10/30-07:42:11.100670 6efc 	kCustomCompression98 supported: 0
2025/10/30-07:42:11.100676 6efc 	kCustomCompression99 supported: 0
2025/10/30-07:42:11.100682 6efc 	kCustomCompressionA0 supported: 0
2025/10/30-07:42:11.100688 6efc 	kCustomCompressionA1 supported: 0
2025/10/30-07:42:11.100695 6efc 	kCustomCompressionA2 supported: 0
2025/10/30-07:42:11.100701 6efc 	kCustomCompressionA4 supported: 0
2025/10/30-07:42:11.100707 6efc 	kCustomCompressionA6 supported: 0
2025/10/30-07:42:11.100713 6efc 	kCustomCompressionA8 supported: 0
2025/10/30-07:42:11.100719 6efc 	kCustomCompressionA9 supported: 0
2025/10/30-07:42:11.100725 6efc 	kCustomCompressionAA supported: 0
2025/10/30-07:42:11.100730 6efc 	kCustomCompressionAB supported: 0
2025/10/30-07:42:11.100737 6efc 	kCustomCompressionAC supported: 0
2025/10/30-07:42:11.100744 6efc 	kCustomCompressionAD supported: 0
2025/10/30-07:42:11.100750 6efc 	kCustomCompressionAE supported: 0
2025/10/30-07:42:11.100757 6efc 	kCustomCompressionAF supported: 0
2025/10/30-07:42:11.100763 6efc 	kCustomCompressionB8 supported: 0
2025/10/30-07:42:11.100769 6efc 	kCustomCompressionB9 supported: 0
2025/10/30-07:42:11.100774 6efc 	kCustomCompressionBA supported: 0
2025/10/30-07:42:11.100780 6efc 	kCustomCompressionBB supported: 0
2025/10/30-07:42:11.100787 6efc 	kCustomCompressionBC supported: 0
2025/10/30-07:42:11.100794 6efc 	kCustomCompressionBD supported: 0
2025/10/30-07:42:11.100801 6efc 	kCustomCompressionBE supported: 0
2025/10/30-07:42:11.100807 6efc 	kCustomCompressionBF supported: 0
2025/10/30-07:42:11.100813 6efc 	kCustomCompressionC0 supported: 0
2025/10/30-07:42:11.100818 6efc 	kCustomCompressionC1 supported: 0
2025/10/30-07:42:11.100824 6efc 	kCustomCompressionC2 supported: 0
2025/10/30-07:42:11.100830 6efc 	kCustomCompressionC3 supported: 0
2025/10/30-07:42:11.100836 6efc 	kCustomCompressionC4 supported: 0
2025/10/30-07:42:11.100843 6efc 	kCustomCompressionC5 supported: 0
2025/10/30-07:42:11.100849 6efc 	kCustomCompressionC6 supported: 0
2025/10/30-07:42:11.100855 6efc 	kCustomCompressionC7 supported: 0
2025/10/30-07:42:11.100861 6efc 	kCustomCompressionC8 supported: 0
2025/10/30-07:42:11.100883 6efc 	kCustomCompressionC9 supported: 0
2025/10/30-07:42:11.100892 6efc 	kCustomCompressionCA supported: 0
2025/10/30-07:42:11.100898 6efc 	kCustomCompressionCB supported: 0
2025/10/30-07:42:11.100905 6efc 	kCustomCompressionCC supported: 0
2025/10/30-07:42:11.100911 6efc 	kCustomCompressionCD supported: 0
2025/10/30-07:42:11.100918 6efc 	kCustomCompressionCE supported: 0
2025/10/30-07:42:11.100924 6efc 	kCustomCompressionCF supported: 0
2025/10/30-07:42:11.100929 6efc 	kCustomCompressionD0 supported: 0
2025/10/30-07:42:11.100935 6efc 	kCustomCompressionD1 supported: 0
2025/10/30-07:42:11.100941 6efc 	kCustomCompressionD2 supported: 0
2025/10/30-07:42:11.100946 6efc 	kCustomCompressionD3 supported: 0
2025/10/30-07:42:11.100953 6efc 	kCustomCompressionD4 supported: 0
2025/10/30-07:42:11.100959 6efc 	kCustomCompressionD5 supported: 0
2025/10/30-07:42:11.100966 6efc 	kCustomCompressionD6 supported: 0
2025/10/30-07:42:11.100972 6efc 	kCustomCompressionD7 supported: 0
2025/10/30-07:42:11.100978 6efc 	kCustomCompressionD8 supported: 0
2025/10/30-07:42:11.100984 6efc 	kCustomCompressionD9 supported: 0
2025/10/30-07:42:11.100990 6efc 	kCustomCompressionDA supported: 0
2025/10/30-07:42:11.100995 6efc 	kCustomCompressionDB supported: 0
2025/10/30-07:42:11.101002 6efc 	kCustomCompressionDC supported: 0
2025/10/30-07:42:11.101008 6efc 	kCustomCompressionDD supported: 0
2025/10/30-07:42:11.101015 6efc 	kCustomCompressionDE supported: 0
2025/10/30-07:42:11.101021 6efc 	kCustomCompressionDF supported: 0
2025/10/30-07:42:11.101026 6efc 	kCustomCompressionE0 supported: 0
2025/10/30-07:42:11.101032 6efc 	kCustomCompressionE1 supported: 0
2025/10/30-07:42:11.101038 6efc 	kCustomCompressionE2 supported: 0
2025/10/30-07:42:11.101044 6efc 	kCustomCompressionE3 supported: 0
2025/10/30-07:42:11.101051 6efc 	kCustomCompressionE4 supported: 0
2025/10/30-07:42:11.101057 6efc 	kCustomCompressionE5 supported: 0
2025/10/30-07:42:11.101063 6efc 	kCustomCompressionE6 supported: 0
2025/10/30-07:42:11.101069 6efc 	kCustomCompressionE7 supported: 0
2025/10/30-07:42:11.101075 6efc 	kCustomCompressionE8 supported: 0
2025/10/30-07:42:11.101080 6efc 	kCustomCompressionE9 supported: 0
2025/10/30-07:42:11.101086 6efc 	kCustomCompressionEA supported: 0
2025/10/30-07:42:11.101092 6efc 	kCustomCompressionEB supported: 0
2025/10/30-07:42:11.101098 6efc 	kCustomCompressionEC supported: 0
2025/10/30-07:42:11.101105 6efc 	kCustomCompressionED supported: 0
2025/10/30-07:42:11.101111 6efc 	kCustomCompressionEE supported: 0
2025/10/30-07:42:11.101117 6efc 	kCustomCompressionEF supported: 0
2025/10/30-07:42:11.101123 6efc 	kCustomCompressionF0 supported: 0
2025/10/30-07:42:11.101128 6efc 	kCustomCompressionF1 supported: 0
2025/10/30-07:42:11.101134 6efc 	kCustomCompressionF2 supported: 0
2025/10/30-07:42:11.101140 6efc 	kCustomCompressionF3 supported: 0
2025/10/30-07:42:11.101146 6efc 	kCustomCompressionF4 supported: 0
2025/10/30-07:42:11.101153 6efc 	kCustomCompressionF5 supported: 0
2025/10/30-07:42:11.101159 6efc 	kCustomCompressionF6 supported: 0
2025/10/30-07:42:11.101165 6efc 	kCustomCompressionF7 supported: 0
2025/10/30-07:42:11.101170 6efc 	kCustomCompressionF8 supported: 0
2025/10/30-07:42:11.101176 6efc 	kCustomCompressionF9 supported: 0
2025/10/30-07:42:11.101182 6efc 	kCustomCompressionFA supported: 0
2025/10/30-07:42:11.101187 6efc 	kCustomCompressionFB supported: 0
2025/10/30-07:42:11.101194 6efc 	kCustomCompressionFC supported: 0
2025/10/30-07:42:11.101200 6efc 	kCustomCompressionFD supported: 0
2025/10/30-07:42:11.101206 6efc 	kCustomCompressionFE supported: 0
2025/10/30-07:42:11.101214 6efc Fast CRC32 supported: Not supported on x86
2025/10/30-07:42:11.101221 6efc DMutex implementation: std::mutex
2025/10/30-07:42:11.101227 6efc Jemalloc supported: 0
2025/10/30-07:42:11.101842 6efc [db\version_set.cc:6116] Recovering from manifest file: C:\VCC\themis\data\themis_server/MANIFEST-002016
2025/10/30-07:42:11.102946 6efc [db\column_family.cc:692] --------------- Options for column family [default]:
2025/10/30-07:42:11.102965 6efc               Options.comparator: leveldb.BytewiseComparator
2025/10/30-07:42:11.103001 6efc           Options.merge_operator: None
2025/10/30-07:42:11.103011 6efc        Options.compaction_filter: None
2025/10/30-07:42:11.103017 6efc        Options.compaction_filter_factory: None
2025/10/30-07:42:11.103023 6efc  Options.sst_partitioner_factory: None
2025/10/30-07:42:11.103029 6efc         Options.memtable_factory: SkipListFactory
2025/10/30-07:42:11.103035 6efc            Options.table_factory: BlockBasedTable
2025/10/30-07:42:11.103069 6efc            table_factory options:   flush_block_policy_factory: FlushBlockBySizePolicyFactory (000002981783B950)
  cache_index_and_filter_blocks: 1
  cache_index_and_filter_blocks_with_high_priority: 1
  pin_l0_filter_and_index_blocks_in_cache: 1
  pin_top_level_index_and_filter: 1
  index_type: 0
  data_block_index_type: 0
  index_shortening: 1
  data_block_hash_table_util_ratio: 0.750000
  checksum: 4
  no_block_cache: 0
  block_cache: 0000029817852490
  block_cache_name: LRUCache
  block_cache_options:
    capacity : 1073741824
    num_shard_bits : 6
    strict_capacity_limit : 0
    memory_allocator : None
    high_pri_pool_ratio: 0.500
    low_pri_pool_ratio: 0.000
  persistent_cache: 0000000000000000
  block_size: 4096
  block_size_deviation: 10
  block_restart_interval: 16
  index_block_restart_interval: 1
  metadata_block_size: 4096
  partition_filters: 0
  use_delta_encoding: 1
  filter_policy: bloomfilter
  whole_key_filtering: 1
  verify_compression: 0
  read_amp_bytes_per_bit: 0
  format_version: 6
  enable_index_compression: 1
  block_align: 0
  max_auto_readahead_size: 262144
  prepopulate_block_cache: 0
  initial_auto_readahead_size: 8192
  num_file_reads_for_auto_readahead: 2
2025/10/30-07:42:11.103078 6efc        Options.write_buffer_size: 268435456
2025/10/30-07:42:11.103085 6efc  Options.max_write_buffer_number: 3
2025/10/30-07:42:11.103090 6efc          Options.compression: LZ4
2025/10/30-07:42:11.103096 6efc                  Options.bottommost_compression: ZSTD
2025/10/30-07:42:11.103103 6efc       Options.prefix_extractor: nullptr
2025/10/30-07:42:11.103109 6efc   Options.memtable_insert_with_hint_prefix_extractor: nullptr
2025/10/30-07:42:11.103116 6efc             Options.num_levels: 7
2025/10/30-07:42:11.103121 6efc        Options.min_write_buffer_number_to_merge: 1
2025/10/30-07:42:11.103127 6efc     Options.max_write_buffer_size_to_maintain: 805306368
2025/10/30-07:42:11.103133 6efc            Options.bottommost_compression_opts.window_bits: -14
2025/10/30-07:42:11.103139 6efc                  Options.bottommost_compression_opts.level: 32767
2025/10/30-07:42:11.103144 6efc               Options.bottommost_compression_opts.strategy: 0
2025/10/30-07:42:11.103151 6efc         Options.bottommost_compression_opts.max_dict_bytes: 0
2025/10/30-07:42:11.103158 6efc         Options.bottommost_compression_opts.zstd_max_train_bytes: 0
2025/10/30-07:42:11.103164 6efc         Options.bottommost_compression_opts.parallel_threads: 1
2025/10/30-07:42:11.103170 6efc                  Options.bottommost_compression_opts.enabled: false
2025/10/30-07:42:11.103176 6efc         Options.bottommost_compression_opts.max_dict_buffer_bytes: 0
2025/10/30-07:42:11.103182 6efc         Options.bottommost_compression_opts.use_zstd_dict_trainer: true
2025/10/30-07:42:11.103188 6efc            Options.compression_opts.window_bits: -14
2025/10/30-07:42:11.103193 6efc                  Options.compression_opts.level: 32767
2025/10/30-07:42:11.103200 6efc               Options.compression_opts.strategy: 0
2025/10/30-07:42:11.103206 6efc         Options.compression_opts.max_dict_bytes: 0
2025/10/30-07:42:11.103213 6efc         Options.compression_opts.zstd_max_train_bytes: 0
2025/10/30-07:42:11.103218 6efc         Options.compression_opts.use_zstd_dict_trainer: true
2025/10/30-07:42:11.103224 6efc         Options.compression_opts.parallel_threads: 1
2025/10/30-07:42:11.103230 6efc                  Options.compression_opts.enabled: false
2025/10/30-07:42:11.103236 6efc         Options.compression_opts.max_dict_buffer_bytes: 0
2025/10/30-07:42:11.103243 6efc      Options.level0_file_num_compaction_trigger: 4
2025/10/30-07:42:11.103251 6efc          Options.level0_slowdown_writes_trigger: 20
2025/10/30-07:42:11.103257 6efc              Options.level0_stop_writes_trigger: 36
2025/10/30-07:42:11.103264 6efc                   Options.target_file_size_base: 67108864
2025/10/30-07:42:11.103270 6efc             Options.target_file_size_multiplier: 1
2025/10/30-07:42:11.103275 6efc                Options.max_bytes_for_level_base: 268435456
2025/10/30-07:42:11.103281 6efc Options.level_compaction_dynamic_level_bytes: 1
2025/10/30-07:42:11.103287 6efc          Options.max_bytes_for_level_multiplier: 10.000000
2025/10/30-07:42:11.103295 6efc Options.max_bytes_for_level_multiplier_addtl[0]: 1
2025/10/30-07:42:11.103302 6efc Options.max_bytes_for_level_multiplier_addtl[1]: 1
2025/10/30-07:42:11.103309 6efc Options.max_bytes_for_level_multiplier_addtl[2]: 1
2025/10/30-07:42:11.103315 6efc Options.max_bytes_for_level_multiplier_addtl[3]: 1
2025/10/30-07:42:11.103321 6efc Options.max_bytes_for_level_multiplier_addtl[4]: 1
2025/10/30-07:42:11.103326 6efc Options.max_bytes_for_level_multiplier_addtl[5]: 1
2025/10/30-07:42:11.103332 6efc Options.max_bytes_for_level_multiplier_addtl[6]: 1
2025/10/30-07:42:11.103338 6efc       Options.max_sequential_skip_in_iterations: 8
2025/10/30-07:42:11.103344 6efc          Options.memtable_op_scan_flush_trigger: 0
2025/10/30-07:42:11.103351 6efc      Options.memtable_avg_op_scan_flush_trigger: 0
2025/10/30-07:42:11.103357 6efc                    Options.max_compaction_bytes: 1677721600
2025/10/30-07:42:11.103363 6efc                        Options.arena_block_size: 1048576
2025/10/30-07:42:11.103369 6efc   Options.soft_pending_compaction_bytes_limit: 68719476736
2025/10/30-07:42:11.103374 6efc   Options.hard_pending_compaction_bytes_limit: 274877906944
2025/10/30-07:42:11.103380 6efc                Options.disable_auto_compactions: 1
2025/10/30-07:42:11.103387 6efc                        Options.compaction_style: kCompactionStyleLevel
2025/10/30-07:42:11.103394 6efc                          Options.compaction_pri: kMinOverlappingRatio
2025/10/30-07:42:11.103401 6efc Options.compaction_options_universal.size_ratio: 1
2025/10/30-07:42:11.103407 6efc Options.compaction_options_universal.min_merge_width: 2
2025/10/30-07:42:11.103412 6efc Options.compaction_options_universal.max_merge_width: 4294967295
2025/10/30-07:42:11.103418 6efc Options.compaction_options_universal.max_size_amplification_percent: 200
2025/10/30-07:42:11.103424 6efc Options.compaction_options_universal.compression_size_percent: -1
2025/10/30-07:42:11.103430 6efc Options.compaction_options_universal.stop_style: kCompactionStopStyleTotalSize
2025/10/30-07:42:11.103436 6efc Options.compaction_options_universal.max_read_amp: -1
2025/10/30-07:42:11.103442 6efc Options.compaction_options_universal.reduce_file_locking: 0
2025/10/30-07:42:11.103449 6efc Options.compaction_options_fifo.max_table_files_size: 1073741824
2025/10/30-07:42:11.103455 6efc Options.compaction_options_fifo.allow_compaction: 0
2025/10/30-07:42:11.103463 6efc                   Options.table_properties_collectors: 
2025/10/30-07:42:11.103470 6efc                   Options.inplace_update_support: 0
2025/10/30-07:42:11.103476 6efc                 Options.inplace_update_num_locks: 10000
2025/10/30-07:42:11.103481 6efc               Options.memtable_prefix_bloom_size_ratio: 0.000000
2025/10/30-07:42:11.103487 6efc               Options.memtable_whole_key_filtering: 0
2025/10/30-07:42:11.103494 6efc   Options.memtable_huge_page_size: 0
2025/10/30-07:42:11.103500 6efc                           Options.bloom_locality: 0
2025/10/30-07:42:11.103506 6efc                    Options.max_successive_merges: 0
2025/10/30-07:42:11.103512 6efc             Options.strict_max_successive_merges: 0
2025/10/30-07:42:11.103518 6efc                Options.optimize_filters_for_hits: 0
2025/10/30-07:42:11.103524 6efc                Options.paranoid_file_checks: 0
2025/10/30-07:42:11.103529 6efc                Options.force_consistency_checks: 1
2025/10/30-07:42:11.103536 6efc                Options.report_bg_io_stats: 0
2025/10/30-07:42:11.103544 6efc                Options.disallow_memtable_writes: 0
2025/10/30-07:42:11.103550 6efc                               Options.ttl: 2592000
2025/10/30-07:42:11.103557 6efc          Options.periodic_compaction_seconds: 0
2025/10/30-07:42:11.103562 6efc                        Options.default_temperature: kUnknown
2025/10/30-07:42:11.103568 6efc  Options.preclude_last_level_data_seconds: 0
2025/10/30-07:42:11.103574 6efc    Options.preserve_internal_time_seconds: 0
2025/10/30-07:42:11.103580 6efc                       Options.enable_blob_files: false
2025/10/30-07:42:11.103585 6efc                           Options.min_blob_size: 0
2025/10/30-07:42:11.103592 6efc                          Options.blob_file_size: 268435456
2025/10/30-07:42:11.103598 6efc                   Options.blob_compression_type: NoCompression
2025/10/30-07:42:11.103604 6efc          Options.enable_blob_garbage_collection: false
2025/10/30-07:42:11.103611 6efc      Options.blob_garbage_collection_age_cutoff: 0.250000
2025/10/30-07:42:11.103617 6efc Options.blob_garbage_collection_force_threshold: 1.000000
2025/10/30-07:42:11.103623 6efc          Options.blob_compaction_readahead_size: 0
2025/10/30-07:42:11.103629 6efc                Options.blob_file_starting_level: 0
2025/10/30-07:42:11.103634 6efc         Options.experimental_mempurge_threshold: 0.000000
2025/10/30-07:42:11.103641 6efc            Options.memtable_max_range_deletions: 0
2025/10/30-07:42:11.105130 6efc [db\version_set.cc:6174] Recovered from manifest file:C:\VCC\themis\data\themis_server/MANIFEST-002016 succeeded,manifest_file_number is 2016, next_file_number is 2018, last_sequence is 122, log_number is 2010,prev_log_number is 0,max_column_family is 0,min_log_number_to_keep is 0
2025/10/30-07:42:11.105146 6efc [db\version_set.cc:6183] Column family [default] (ID 0), log number is 2010
2025/10/30-07:42:11.105308 6efc [db\db_impl\db_impl_open.cc:692] DB ID: 91529813-b413-11f0-8e09-b42e99fe92b3
2025/10/30-07:42:11.106585 6efc EVENT_LOG_v1 {"time_micros": 1761806531106482, "job": 1, "event": "recovery_started", "wal_files": [4, 10, 16, 22, 28, 34, 40, 46, 52, 58, 64, 70, 76, 82, 88, 94, 100, 106, 113, 120, 126, 133, 139, 145, 151, 157, 163, 169, 175, 181, 187, 193, 200, 208, 214, 221, 229, 235, 241, 247, 253, 259, 265, 271, 277, 283, 290, 297, 306, 313, 320, 326, 332, 338, 344, 350, 356, 362, 368, 374, 381, 388, 397, 404, 411, 417, 423, 429, 435, 441, 447, 453, 459, 465, 472, 482, 491, 498, 504, 510, 516, 522, 528, 534, 540, 546, 552, 558, 565, 572, 578, 585, 592, 598, 604, 610, 616, 622, 628, 634, 640, 646, 653, 663, 669, 676, 683, 689, 695, 701, 707, 713, 719, 725, 731, 737, 744, 751, 759, 766, 773, 779, 785, 791, 797, 803, 809, 815, 821, 827, 834, 844, 852, 859, 865, 871, 877, 883, 889, 895, 901, 907, 913, 919, 926, 933, 939, 946, 953, 959, 965, 971, 977, 983, 989, 995, 1001, 1007, 1014, 1023, 1029, 1036, 1043, 1049, 1055, 1061, 1067, 1073, 1079, 1085, 1091, 1097, 1104, 1111, 1119, 1126, 1133, 1139, 1145, 1151, 1157, 1163, 1169, 1175, 1181, 1187, 1193, 1200, 1209, 1217, 1224, 1230, 1236, 1242, 1248, 1254, 1260, 1266, 1272, 1278, 1284, 1291, 1298, 1304, 1311, 1318, 1324, 1330, 1336, 1342, 1348, 1354, 1360, 1366, 1372, 1379, 1388, 1394, 1401, 1408, 1414, 1420, 1426, 1432, 1438, 1444, 1450, 1456, 1462, 1469, 1476, 1484, 1491, 1498, 1504, 1510, 1516, 1523, 1532, 1538, 1544, 1550, 1556, 1562, 1568, 1574, 1580, 1586, 1592, 1598, 1604, 1610, 1616, 1622, 1628, 1634, 1640, 1646, 1652, 1658, 1664, 1670, 1676, 1683, 1690, 1696, 1703, 1711, 1717, 1723, 1729, 1735, 1741, 1747, 1753, 1759, 1765, 1771, 1778, 1785, 1791, 1798, 1804, 1810, 1816, 1822, 1828, 1834, 1840, 1846, 1852, 1858, 1864, 1870, 1876, 1882, 1888, 1894, 1900, 1906, 1912, 1919, 1929, 1935, 1942, 1948, 1954, 1960, 1966, 1972, 1978, 1984, 1991, 1997, 2003, 2009, 2015]}
2025/10/30-07:42:11.106604 6efc [db\db_impl\db_impl_open.cc:1379] Recovering log #4 mode 2
2025/10/30-07:42:11.106680 6efc [db\db_impl\db_impl_open.cc:1353] Recovered to log #4 next seq #72057594037927935
2025/10/30-07:42:11.106746 6efc [db\db_impl\db_impl_open.cc:1379] Recovering log #10 mode 2
2025/10/30-07:42:11.106815 6efc [db\db_impl\db_impl_open.cc:1353] Recovered to log #10 next seq #72057594037927935
2025/10/30-07:42:11.106894 6efc [db\db_impl\db_impl_open.cc:1379] Recovering log #16 mode 2
2025/10/30-07:42:11.106972 6efc [db\db_impl\db_impl_open.cc:1353] Recovered to log #16 next seq #72057594037927935
2025/10/30-07:42:11.107029 6efc [db\db_impl\db_impl_open.cc:1379] Recovering log #22 mode 2
2025/10/30-07:42:11.107086 6efc [db\db_impl\db_impl_open.cc:1353] Recovered to log #22 next seq #72057594037927935
2025/10/30-07:42:11.107143 6efc [db\db_impl\db_impl_open.cc:1379] Recovering log #28 mode 2
2025/10/30-07:42:11.107199 6efc [db\db_impl\db_impl_open.cc:1353] Recovered to log #28 next seq #72057594037927935
2025/10/30-07:42:11.107255 6efc [db\db_impl\db_impl_open.cc:1379] Recovering log #34 mode 2
2025/10/30-07:42:11.107311 6efc [db\db_impl\db_impl_open.cc:1353] Recovered to log #34 next seq #72057594037927935
2025/10/30-07:42:11.107369 6efc [db\db_impl\db_impl_open.cc:1379] Recovering log #40 mode 2
2025/10/30-07:42:11.107427 6efc [db\db_impl\db_impl_open.cc:1353] Recovered to log #40 next seq #72057594037927935
2025/10/30-07:42:11.107482 6efc [db\db_impl\db_impl_open.cc:1379] Recovering log #46 mode 2
2025/10/30-07:42:11.107539 6efc [db\db_impl\db_impl_open.cc:1353] Recovered to log #46 next seq #72057594037927935
2025/10/30-07:42:11.107595 6efc [db\db_impl\db_impl_open.cc:1379] Recovering log #52 mode 2
2025/10/30-07:42:11.107653 6efc [db\db_impl\db_impl_open.cc:1353] Recovered to log #52 next seq #72057594037927935
2025/10/30-07:42:11.107709 6efc [db\db_impl\db_impl_open.cc:1379] Recovering log #58 mode 2
2025/10/30-07:42:11.107766 6efc [db\db_impl\db_impl_open.cc:1353] Recovered to log #58 next seq #72057594037927935
2025/10/30-07:42:11.107822 6efc [db\db_impl\db_impl_open.cc:1379] Recovering log #64 mode 2
2025/10/30-07:42:11.107878 6efc [db\db_impl\db_impl_open.cc:1353] Recovered to log #64 next seq #72057594037927935
2025/10/30-07:42:11.107934 6efc [db\db_impl\db_impl_open.cc:1379] Recovering log #70 mode 2
2025/10/30-07:42:11.107990 6efc [db\db_impl\db_impl_open.cc:1353] Recovered to log #70 next seq #72057594037927935
2025/10/30-07:42:11.108046 6efc [db\db_impl\db_impl_open.cc:1379] Recovering log #76 mode 2
2025/10/30-07:42:11.108102 6efc [db\db_impl\db_impl_open.cc:1353] Recovered to log #76 next seq #72057594037927935
2025/10/30-07:42:11.108158 6efc [db\db_impl\db_impl_open.cc:1379] Recovering log #82 mode 2
2025/10/30-07:42:11.108214 6efc [db\db_impl\db_impl_open.cc:1353] Recovered to log #82 next seq #72057594037927935
2025/10/30-07:42:11.108270 6efc [db\db_impl\db_impl_open.cc:1379] Recovering log #88 mode 2
2025/10/30-07:42:11.108327 6efc [db\db_impl\db_impl_open.cc:1353] Recovered to log #88 next seq #72057594037927935
2025/10/30-07:42:11.108382 6efc [db\db_impl\db_impl_open.cc:1379] Recovering log #94 mode 2
