2025/10/30-00:27:34.600981 76fc RocksDB version: 10.4.2
2025/10/30-00:27:34.601091 76fc Git sha 0
2025/10/30-00:27:34.601135 76fc Compile date 2025-10-27 15:09:02
2025/10/30-00:27:34.601166 76fc DB SUMMARY
2025/10/30-00:27:34.601202 76fc Host name (Env):  DESKTOP-712S8LO
2025/10/30-00:27:34.601230 76fc DB Session ID:  6UCIEMUYT7IF8AT4SK4B
2025/10/30-00:27:34.616421 76fc CURRENT file:  CURRENT
2025/10/30-00:27:34.616471 76fc IDENTITY file:  IDENTITY
2025/10/30-00:27:34.616557 76fc MANIFEST file:  MANIFEST-001754 size: 261 Bytes
2025/10/30-00:27:34.616584 76fc SST files in C:\VCC\themis\data\themis_server dir, Total Num: 1, files: 001708.sst 
2025/10/30-00:27:34.616617 76fc Write Ahead Log file in C:\VCC\themis\data\themis_server: 000004.log size: 0 ; 000010.log size: 0 ; 000016.log size: 0 ; 000022.log size: 0 ; 000028.log size: 0 ; 000034.log size: 0 ; 000040.log size: 0 ; 000046.log size: 0 ; 000052.log size: 0 ; 000058.log size: 0 ; 000064.log size: 0 ; 000070.log size: 0 ; 000076.log size: 0 ; 000082.log size: 0 ; 000088.log size: 0 ; 000094.log size: 0 ; 000100.log size: 0 ; 000106.log size: 42 ; 000113.log size: 90 ; 000120.log size: 0 ; 000126.log size: 86 ; 000133.log size: 0 ; 000139.log size: 0 ; 000145.log size: 0 ; 000151.log size: 0 ; 000157.log size: 0 ; 000163.log size: 0 ; 000169.log size: 0 ; 000175.log size: 0 ; 000181.log size: 0 ; 000187.log size: 0 ; 000193.log size: 42 ; 000200.log size: 90 ; 000208.log size: 0 ; 000214.log size: 86 ; 000221.log size: 0 ; 000229.log size: 0 ; 000235.log size: 0 ; 000241.log size: 0 ; 000247.log size: 0 ; 000253.log size: 0 ; 000259.log size: 0 ; 000265.log size: 0 ; 000271.log size: 0 ; 000277.log size: 0 ; 000283.log size: 42 ; 000290.log size: 90 ; 000297.log size: 0 ; 000306.log size: 86 ; 000313.log size: 0 ; 000320.log size: 0 ; 000326.log size: 0 ; 000332.log size: 0 ; 000338.log size: 0 ; 000344.log size: 0 ; 000350.log size: 0 ; 000356.log size: 0 ; 000362.log size: 0 ; 000368.log size: 0 ; 000374.log size: 42 ; 000381.log size: 90 ; 000388.log size: 0 ; 000397.log size: 86 ; 000404.log size: 0 ; 000411.log size: 0 ; 000417.log size: 0 ; 000423.log size: 0 ; 000429.log size: 0 ; 000435.log size: 0 ; 000441.log size: 0 ; 000447.log size: 0 ; 000453.log size: 0 ; 000459.log size: 0 ; 000465.log size: 42 ; 000472.log size: 90 ; 000482.log size: 0 ; 000491.log size: 86 ; 000498.log size: 0 ; 000504.log size: 0 ; 000510.log size: 0 ; 000516.log size: 0 ; 000522.log size: 0 ; 000528.log size: 0 ; 000534.log size: 0 ; 000540.log size: 0 ; 000546.log size: 0 ; 000552.log size: 0 ; 000558.log size: 42 ; 000565.log size: 90 ; 000572.log size: 0 ; 000578.log size: 86 ; 000585.log size: 0 ; 000592.log size: 0 ; 000598.log size: 0 ; 000604.log size: 0 ; 000610.log size: 0 ; 000616.log size: 0 ; 000622.log size: 0 ; 000628.log size: 0 ; 000634.log size: 0 ; 000640.log size: 0 ; 000646.log size: 42 ; 000653.log size: 90 ; 000663.log size: 0 ; 000669.log size: 86 ; 000676.log size: 0 ; 000683.log size: 0 ; 000689.log size: 0 ; 000695.log size: 0 ; 000701.log size: 0 ; 000707.log size: 0 ; 000713.log size: 0 ; 000719.log size: 0 ; 000725.log size: 0 ; 000731.log size: 0 ; 000737.log size: 42 ; 000744.log size: 90 ; 000751.log size: 0 ; 000759.log size: 86 ; 000766.log size: 0 ; 000773.log size: 0 ; 000779.log size: 0 ; 000785.log size: 0 ; 000791.log size: 0 ; 000797.log size: 0 ; 000803.log size: 0 ; 000809.log size: 0 ; 000815.log size: 0 ; 000821.log size: 0 ; 000827.log size: 42 ; 000834.log size: 90 ; 000844.log size: 0 ; 000852.log size: 86 ; 000859.log size: 0 ; 000865.log size: 0 ; 000871.log size: 0 ; 000877.log size: 0 ; 000883.log size: 0 ; 000889.log size: 0 ; 000895.log size: 0 ; 000901.log size: 0 ; 000907.log size: 0 ; 000913.log size: 0 ; 000919.log size: 42 ; 000926.log size: 90 ; 000933.log size: 0 ; 000939.log size: 86 ; 000946.log size: 0 ; 000953.log size: 0 ; 000959.log size: 0 ; 000965.log size: 0 ; 000971.log size: 0 ; 000977.log size: 0 ; 000983.log size: 0 ; 000989.log size: 0 ; 000995.log size: 0 ; 001001.log size: 0 ; 001007.log size: 42 ; 001014.log size: 90 ; 001023.log size: 0 ; 001029.log size: 86 ; 001036.log size: 0 ; 001043.log size: 0 ; 001049.log size: 0 ; 001055.log size: 0 ; 001061.log size: 0 ; 001067.log size: 0 ; 001073.log size: 0 ; 001079.log size: 0 ; 001085.log size: 0 ; 001091.log size: 0 ; 001097.log size: 42 ; 001104.log size: 90 ; 001111.log size: 0 ; 001119.log size: 86 ; 001126.log size: 0 ; 001133.log size: 0 ; 001139.log size: 0 ; 001145.log size: 0 ; 001151.log size: 0 ; 001157.log size: 0 ; 001163.log size: 0 ; 001169.log size: 0 ; 001175.log size: 0 ; 001181.log size: 0 ; 001187.log size: 0 ; 001193.log size: 42 ; 001200.log size: 90 ; 001209.log size: 0 ; 001217.log size: 86 ; 001224.log size: 0 ; 001230.log size: 0 ; 001236.log size: 0 ; 001242.log size: 0 ; 001248.log size: 0 ; 001254.log size: 0 ; 001260.log size: 0 ; 001266.log size: 0 ; 001272.log size: 0 ; 001278.log size: 0 ; 001284.log size: 42 ; 001291.log size: 90 ; 001298.log size: 0 ; 001304.log size: 86 ; 001311.log size: 0 ; 001318.log size: 0 ; 001324.log size: 0 ; 001330.log size: 0 ; 001336.log size: 0 ; 001342.log size: 0 ; 001348.log size: 0 ; 001354.log size: 0 ; 001360.log size: 0 ; 001366.log size: 0 ; 001372.log size: 42 ; 001379.log size: 90 ; 001388.log size: 0 ; 001394.log size: 86 ; 001401.log size: 0 ; 001408.log size: 0 ; 001414.log size: 0 ; 001420.log size: 0 ; 001426.log size: 0 ; 001432.log size: 0 ; 001438.log size: 0 ; 001444.log size: 0 ; 001450.log size: 0 ; 001456.log size: 0 ; 001462.log size: 42 ; 001469.log size: 90 ; 001476.log size: 0 ; 001484.log size: 86 ; 001491.log size: 0 ; 001498.log size: 0 ; 001504.log size: 0 ; 001510.log size: 0 ; 001516.log size: 244 ; 001523.log size: 876 ; 001532.log size: 0 ; 001538.log size: 0 ; 001544.log size: 0 ; 001550.log size: 0 ; 001556.log size: 0 ; 001562.log size: 0 ; 001568.log size: 0 ; 001574.log size: 0 ; 001580.log size: 0 ; 001586.log size: 0 ; 001592.log size: 0 ; 001598.log size: 0 ; 001604.log size: 0 ; 001610.log size: 0 ; 001616.log size: 0 ; 001622.log size: 0 ; 001628.log size: 0 ; 001634.log size: 0 ; 001640.log size: 0 ; 001646.log size: 0 ; 001652.log size: 0 ; 001658.log size: 0 ; 001664.log size: 0 ; 001670.log size: 0 ; 001676.log size: 42 ; 001683.log size: 90 ; 001690.log size: 0 ; 001696.log size: 86 ; 001703.log size: 0 ; 001711.log size: 0 ; 001717.log size: 0 ; 001723.log size: 0 ; 001729.log size: 0 ; 001735.log size: 0 ; 001741.log size: 0 ; 001747.log size: 0 ; 001753.log size: 0 ; 
2025/10/30-00:27:34.618422 76fc                         Options.error_if_exists: 0
2025/10/30-00:27:34.618449 76fc                       Options.create_if_missing: 1
2025/10/30-00:27:34.618463 76fc                         Options.paranoid_checks: 1
2025/10/30-00:27:34.618475 76fc             Options.flush_verify_memtable_count: 1
2025/10/30-00:27:34.618487 76fc          Options.compaction_verify_record_count: 1
2025/10/30-00:27:34.618497 76fc                               Options.track_and_verify_wals_in_manifest: 0
2025/10/30-00:27:34.618504 76fc                               Options.track_and_verify_wals: 0
2025/10/30-00:27:34.618511 76fc        Options.verify_sst_unique_id_in_manifest: 1
2025/10/30-00:27:34.618518 76fc                                     Options.env: 000001951DB4C9B0
2025/10/30-00:27:34.618526 76fc                                      Options.fs: WinFS
2025/10/30-00:27:34.618533 76fc                                Options.info_log: 000001951DB4E7C0
2025/10/30-00:27:34.618540 76fc                Options.max_file_opening_threads: 16
2025/10/30-00:27:34.618547 76fc                              Options.statistics: 000001951DAA2EC0
2025/10/30-00:27:34.618553 76fc                              Options.statistics stats level: 1
2025/10/30-00:27:34.618560 76fc                               Options.use_fsync: 0
2025/10/30-00:27:34.618566 76fc                       Options.max_log_file_size: 0
2025/10/30-00:27:34.618574 76fc                  Options.max_manifest_file_size: 1073741824
2025/10/30-00:27:34.618582 76fc                   Options.log_file_time_to_roll: 0
2025/10/30-00:27:34.618589 76fc                       Options.keep_log_file_num: 1000
2025/10/30-00:27:34.618627 76fc                    Options.recycle_log_file_num: 0
2025/10/30-00:27:34.618638 76fc                         Options.allow_fallocate: 1
2025/10/30-00:27:34.618646 76fc                        Options.allow_mmap_reads: 0
2025/10/30-00:27:34.618652 76fc                       Options.allow_mmap_writes: 0
2025/10/30-00:27:34.618659 76fc                        Options.use_direct_reads: 0
2025/10/30-00:27:34.618667 76fc                        Options.use_direct_io_for_flush_and_compaction: 0
2025/10/30-00:27:34.618678 76fc          Options.create_missing_column_families: 0
2025/10/30-00:27:34.618690 76fc                              Options.db_log_dir: 
2025/10/30-00:27:34.618702 76fc                                 Options.wal_dir: 
2025/10/30-00:27:34.618713 76fc                Options.table_cache_numshardbits: 6
2025/10/30-00:27:34.618723 76fc                         Options.WAL_ttl_seconds: 0
2025/10/30-00:27:34.618751 76fc                       Options.WAL_size_limit_MB: 0
2025/10/30-00:27:34.618761 76fc                        Options.max_write_batch_group_size_bytes: 1048576
2025/10/30-00:27:34.618773 76fc             Options.manifest_preallocation_size: 4194304
2025/10/30-00:27:34.618784 76fc                     Options.is_fd_close_on_exec: 1
2025/10/30-00:27:34.618794 76fc                   Options.advise_random_on_open: 1
2025/10/30-00:27:34.618804 76fc                    Options.db_write_buffer_size: 0
2025/10/30-00:27:34.618814 76fc                    Options.write_buffer_manager: 000001951DB4CE60
2025/10/30-00:27:34.618824 76fc                      Options.use_adaptive_mutex: 0
2025/10/30-00:27:34.618833 76fc                            Options.rate_limiter: 0000000000000000
2025/10/30-00:27:34.618850 76fc     Options.sst_file_manager.rate_bytes_per_sec: 0
2025/10/30-00:27:34.618863 76fc                       Options.wal_recovery_mode: 2
2025/10/30-00:27:34.618874 76fc                  Options.enable_thread_tracking: 0
2025/10/30-00:27:34.618885 76fc                  Options.enable_pipelined_write: 0
2025/10/30-00:27:34.618895 76fc                  Options.unordered_write: 0
2025/10/30-00:27:34.618904 76fc         Options.allow_concurrent_memtable_write: 1
2025/10/30-00:27:34.618914 76fc      Options.enable_write_thread_adaptive_yield: 1
2025/10/30-00:27:34.618924 76fc             Options.write_thread_max_yield_usec: 100
2025/10/30-00:27:34.618936 76fc            Options.write_thread_slow_yield_usec: 3
2025/10/30-00:27:34.618947 76fc                               Options.row_cache: None
2025/10/30-00:27:34.618958 76fc                              Options.wal_filter: None
2025/10/30-00:27:34.618969 76fc             Options.avoid_flush_during_recovery: 0
2025/10/30-00:27:34.618978 76fc             Options.allow_ingest_behind: 0
2025/10/30-00:27:34.618988 76fc             Options.two_write_queues: 0
2025/10/30-00:27:34.618999 76fc             Options.manual_wal_flush: 0
2025/10/30-00:27:34.619009 76fc             Options.wal_compression: 0
2025/10/30-00:27:34.619020 76fc             Options.background_close_inactive_wals: 0
2025/10/30-00:27:34.619031 76fc             Options.atomic_flush: 0
2025/10/30-00:27:34.619043 76fc             Options.avoid_unnecessary_blocking_io: 0
2025/10/30-00:27:34.619054 76fc             Options.prefix_seek_opt_in_only: 0
2025/10/30-00:27:34.619065 76fc                 Options.persist_stats_to_disk: 0
2025/10/30-00:27:34.619077 76fc                 Options.write_dbid_to_manifest: 1
2025/10/30-00:27:34.619088 76fc                 Options.write_identity_file: 1
2025/10/30-00:27:34.619099 76fc                 Options.log_readahead_size: 0
2025/10/30-00:27:34.619110 76fc                 Options.file_checksum_gen_factory: Unknown
2025/10/30-00:27:34.619122 76fc                 Options.best_efforts_recovery: 0
2025/10/30-00:27:34.619132 76fc                Options.max_bgerror_resume_count: 2147483647
2025/10/30-00:27:34.619141 76fc            Options.bgerror_resume_retry_interval: 1000000
2025/10/30-00:27:34.619150 76fc             Options.allow_data_in_errors: 0
2025/10/30-00:27:34.619161 76fc             Options.db_host_id: __hostname__
2025/10/30-00:27:34.619172 76fc             Options.enforce_single_del_contracts: true
2025/10/30-00:27:34.619183 76fc             Options.metadata_write_temperature: kUnknown
2025/10/30-00:27:34.619193 76fc             Options.wal_write_temperature: kUnknown
2025/10/30-00:27:34.619202 76fc             Options.max_background_jobs: 4
2025/10/30-00:27:34.619211 76fc             Options.max_background_compactions: -1
2025/10/30-00:27:34.619220 76fc             Options.max_subcompactions: 1
2025/10/30-00:27:34.619228 76fc             Options.avoid_flush_during_shutdown: 0
2025/10/30-00:27:34.619237 76fc           Options.writable_file_max_buffer_size: 1048576
2025/10/30-00:27:34.619264 76fc             Options.delayed_write_rate : 16777216
2025/10/30-00:27:34.619273 76fc             Options.max_total_wal_size: 0
2025/10/30-00:27:34.619283 76fc             Options.delete_obsolete_files_period_micros: 21600000000
2025/10/30-00:27:34.619293 76fc                   Options.stats_dump_period_sec: 600
2025/10/30-00:27:34.619302 76fc                 Options.stats_persist_period_sec: 600
2025/10/30-00:27:34.619311 76fc                 Options.stats_history_buffer_size: 1048576
2025/10/30-00:27:34.619321 76fc                          Options.max_open_files: -1
2025/10/30-00:27:34.619330 76fc                          Options.bytes_per_sync: 0
2025/10/30-00:27:34.619339 76fc                      Options.wal_bytes_per_sync: 0
2025/10/30-00:27:34.619347 76fc                   Options.strict_bytes_per_sync: 0
2025/10/30-00:27:34.619358 76fc       Options.compaction_readahead_size: 2097152
2025/10/30-00:27:34.619368 76fc                  Options.max_background_flushes: -1
2025/10/30-00:27:34.619377 76fc Options.daily_offpeak_time_utc: 
2025/10/30-00:27:34.619387 76fc Compression algorithms supported:
2025/10/30-00:27:34.619396 76fc 	kZSTD supported: 1
2025/10/30-00:27:34.619406 76fc 	kCustomCompressionA3 supported: 0
2025/10/30-00:27:34.619415 76fc 	kSnappyCompression supported: 0
2025/10/30-00:27:34.619424 76fc 	kCustomCompressionA5 supported: 0
2025/10/30-00:27:34.619435 76fc 	kBZip2Compression supported: 0
2025/10/30-00:27:34.619445 76fc 	kZlibCompression supported: 1
2025/10/30-00:27:34.619454 76fc 	kLZ4Compression supported: 1
2025/10/30-00:27:34.619464 76fc 	kXpressCompression supported: 0
2025/10/30-00:27:34.619473 76fc 	kCustomCompressionA7 supported: 0
2025/10/30-00:27:34.619482 76fc 	kLZ4HCCompression supported: 1
2025/10/30-00:27:34.619491 76fc 	kCustomCompressionB2 supported: 0
2025/10/30-00:27:34.619500 76fc 	kCustomCompression9C supported: 0
2025/10/30-00:27:34.619510 76fc 	kCustomCompression80 supported: 0
2025/10/30-00:27:34.619520 76fc 	kCustomCompressionB3 supported: 0
2025/10/30-00:27:34.619529 76fc 	kCustomCompression9B supported: 0
2025/10/30-00:27:34.619539 76fc 	kCustomCompression81 supported: 0
2025/10/30-00:27:34.619548 76fc 	kCustomCompressionB0 supported: 0
2025/10/30-00:27:34.619556 76fc 	kCustomCompression9A supported: 0
2025/10/30-00:27:34.619565 76fc 	kCustomCompression82 supported: 0
2025/10/30-00:27:34.619574 76fc 	kCustomCompressionB1 supported: 0
2025/10/30-00:27:34.619584 76fc 	kCustomCompression83 supported: 0
2025/10/30-00:27:34.619594 76fc 	kCustomCompressionB6 supported: 0
2025/10/30-00:27:34.619604 76fc 	kCustomCompression84 supported: 0
2025/10/30-00:27:34.619614 76fc 	kCustomCompressionB7 supported: 0
2025/10/30-00:27:34.619640 76fc 	kCustomCompression9F supported: 0
2025/10/30-00:27:34.619649 76fc 	kCustomCompression85 supported: 0
2025/10/30-00:27:34.619658 76fc 	kCustomCompressionB4 supported: 0
2025/10/30-00:27:34.619667 76fc 	kCustomCompression9E supported: 0
2025/10/30-00:27:34.619677 76fc 	kCustomCompression86 supported: 0
2025/10/30-00:27:34.619687 76fc 	kCustomCompressionB5 supported: 0
2025/10/30-00:27:34.619697 76fc 	kCustomCompression9D supported: 0
2025/10/30-00:27:34.619706 76fc 	kCustomCompression87 supported: 0
2025/10/30-00:27:34.619714 76fc 	kCustomCompression88 supported: 0
2025/10/30-00:27:34.619788 76fc 	kCustomCompression89 supported: 0
2025/10/30-00:27:34.619802 76fc 	kCustomCompression92 supported: 0
2025/10/30-00:27:34.619812 76fc 	kCustomCompression8A supported: 0
2025/10/30-00:27:34.619823 76fc 	kCustomCompression91 supported: 0
2025/10/30-00:27:34.619833 76fc 	kCustomCompression8B supported: 0
2025/10/30-00:27:34.619843 76fc 	kCustomCompression90 supported: 0
2025/10/30-00:27:34.619853 76fc 	kCustomCompression8C supported: 0
2025/10/30-00:27:34.619864 76fc 	kCustomCompression97 supported: 0
2025/10/30-00:27:34.619876 76fc 	kCustomCompression8D supported: 0
2025/10/30-00:27:34.619887 76fc 	kCustomCompression96 supported: 0
2025/10/30-00:27:34.619899 76fc 	kCustomCompression8E supported: 0
2025/10/30-00:27:34.619912 76fc 	kCustomCompression95 supported: 0
2025/10/30-00:27:34.619925 76fc 	kCustomCompression8F supported: 0
2025/10/30-00:27:34.619938 76fc 	kCustomCompression93 supported: 0
2025/10/30-00:27:34.619950 76fc 	kCustomCompression94 supported: 0
2025/10/30-00:27:34.619961 76fc 	kCustomCompression98 supported: 0
2025/10/30-00:27:34.619973 76fc 	kCustomCompression99 supported: 0
2025/10/30-00:27:34.619987 76fc 	kCustomCompressionA0 supported: 0
2025/10/30-00:27:34.620002 76fc 	kCustomCompressionA1 supported: 0
2025/10/30-00:27:34.620017 76fc 	kCustomCompressionA2 supported: 0
2025/10/30-00:27:34.620049 76fc 	kCustomCompressionA4 supported: 0
2025/10/30-00:27:34.620061 76fc 	kCustomCompressionA6 supported: 0
2025/10/30-00:27:34.620070 76fc 	kCustomCompressionA8 supported: 0
2025/10/30-00:27:34.620077 76fc 	kCustomCompressionA9 supported: 0
2025/10/30-00:27:34.620093 76fc 	kCustomCompressionAA supported: 0
2025/10/30-00:27:34.620101 76fc 	kCustomCompressionAB supported: 0
2025/10/30-00:27:34.620108 76fc 	kCustomCompressionAC supported: 0
2025/10/30-00:27:34.620116 76fc 	kCustomCompressionAD supported: 0
2025/10/30-00:27:34.620123 76fc 	kCustomCompressionAE supported: 0
2025/10/30-00:27:34.620130 76fc 	kCustomCompressionAF supported: 0
2025/10/30-00:27:34.620137 76fc 	kCustomCompressionB8 supported: 0
2025/10/30-00:27:34.620143 76fc 	kCustomCompressionB9 supported: 0
2025/10/30-00:27:34.620149 76fc 	kCustomCompressionBA supported: 0
2025/10/30-00:27:34.620156 76fc 	kCustomCompressionBB supported: 0
2025/10/30-00:27:34.620163 76fc 	kCustomCompressionBC supported: 0
2025/10/30-00:27:34.620171 76fc 	kCustomCompressionBD supported: 0
2025/10/30-00:27:34.620178 76fc 	kCustomCompressionBE supported: 0
2025/10/30-00:27:34.620185 76fc 	kCustomCompressionBF supported: 0
2025/10/30-00:27:34.620191 76fc 	kCustomCompressionC0 supported: 0
2025/10/30-00:27:34.620198 76fc 	kCustomCompressionC1 supported: 0
2025/10/30-00:27:34.620204 76fc 	kCustomCompressionC2 supported: 0
2025/10/30-00:27:34.620211 76fc 	kCustomCompressionC3 supported: 0
2025/10/30-00:27:34.620218 76fc 	kCustomCompressionC4 supported: 0
2025/10/30-00:27:34.620226 76fc 	kCustomCompressionC5 supported: 0
2025/10/30-00:27:34.620233 76fc 	kCustomCompressionC6 supported: 0
2025/10/30-00:27:34.620239 76fc 	kCustomCompressionC7 supported: 0
2025/10/30-00:27:34.620246 76fc 	kCustomCompressionC8 supported: 0
2025/10/30-00:27:34.620252 76fc 	kCustomCompressionC9 supported: 0
2025/10/30-00:27:34.620259 76fc 	kCustomCompressionCA supported: 0
2025/10/30-00:27:34.620265 76fc 	kCustomCompressionCB supported: 0
2025/10/30-00:27:34.620273 76fc 	kCustomCompressionCC supported: 0
2025/10/30-00:27:34.620280 76fc 	kCustomCompressionCD supported: 0
2025/10/30-00:27:34.620287 76fc 	kCustomCompressionCE supported: 0
2025/10/30-00:27:34.620294 76fc 	kCustomCompressionCF supported: 0
2025/10/30-00:27:34.620301 76fc 	kCustomCompressionD0 supported: 0
2025/10/30-00:27:34.620307 76fc 	kCustomCompressionD1 supported: 0
2025/10/30-00:27:34.620314 76fc 	kCustomCompressionD2 supported: 0
2025/10/30-00:27:34.620320 76fc 	kCustomCompressionD3 supported: 0
2025/10/30-00:27:34.620328 76fc 	kCustomCompressionD4 supported: 0
2025/10/30-00:27:34.620335 76fc 	kCustomCompressionD5 supported: 0
2025/10/30-00:27:34.620342 76fc 	kCustomCompressionD6 supported: 0
2025/10/30-00:27:34.620351 76fc 	kCustomCompressionD7 supported: 0
2025/10/30-00:27:34.620359 76fc 	kCustomCompressionD8 supported: 0
2025/10/30-00:27:34.620366 76fc 	kCustomCompressionD9 supported: 0
2025/10/30-00:27:34.620373 76fc 	kCustomCompressionDA supported: 0
2025/10/30-00:27:34.620379 76fc 	kCustomCompressionDB supported: 0
2025/10/30-00:27:34.620387 76fc 	kCustomCompressionDC supported: 0
2025/10/30-00:27:34.620394 76fc 	kCustomCompressionDD supported: 0
2025/10/30-00:27:34.620400 76fc 	kCustomCompressionDE supported: 0
2025/10/30-00:27:34.620407 76fc 	kCustomCompressionDF supported: 0
2025/10/30-00:27:34.620413 76fc 	kCustomCompressionE0 supported: 0
2025/10/30-00:27:34.620420 76fc 	kCustomCompressionE1 supported: 0
2025/10/30-00:27:34.620427 76fc 	kCustomCompressionE2 supported: 0
2025/10/30-00:27:34.620433 76fc 	kCustomCompressionE3 supported: 0
2025/10/30-00:27:34.620441 76fc 	kCustomCompressionE4 supported: 0
2025/10/30-00:27:34.620448 76fc 	kCustomCompressionE5 supported: 0
2025/10/30-00:27:34.620455 76fc 	kCustomCompressionE6 supported: 0
2025/10/30-00:27:34.620462 76fc 	kCustomCompressionE7 supported: 0
2025/10/30-00:27:34.620469 76fc 	kCustomCompressionE8 supported: 0
2025/10/30-00:27:34.620475 76fc 	kCustomCompressionE9 supported: 0
2025/10/30-00:27:34.620482 76fc 	kCustomCompressionEA supported: 0
2025/10/30-00:27:34.620489 76fc 	kCustomCompressionEB supported: 0
2025/10/30-00:27:34.620496 76fc 	kCustomCompressionEC supported: 0
2025/10/30-00:27:34.620504 76fc 	kCustomCompressionED supported: 0
2025/10/30-00:27:34.620511 76fc 	kCustomCompressionEE supported: 0
2025/10/30-00:27:34.620518 76fc 	kCustomCompressionEF supported: 0
2025/10/30-00:27:34.620524 76fc 	kCustomCompressionF0 supported: 0
2025/10/30-00:27:34.620531 76fc 	kCustomCompressionF1 supported: 0
2025/10/30-00:27:34.620537 76fc 	kCustomCompressionF2 supported: 0
2025/10/30-00:27:34.620544 76fc 	kCustomCompressionF3 supported: 0
2025/10/30-00:27:34.620551 76fc 	kCustomCompressionF4 supported: 0
2025/10/30-00:27:34.620558 76fc 	kCustomCompressionF5 supported: 0
2025/10/30-00:27:34.620565 76fc 	kCustomCompressionF6 supported: 0
2025/10/30-00:27:34.620571 76fc 	kCustomCompressionF7 supported: 0
2025/10/30-00:27:34.620578 76fc 	kCustomCompressionF8 supported: 0
2025/10/30-00:27:34.620584 76fc 	kCustomCompressionF9 supported: 0
2025/10/30-00:27:34.620591 76fc 	kCustomCompressionFA supported: 0
2025/10/30-00:27:34.620598 76fc 	kCustomCompressionFB supported: 0
2025/10/30-00:27:34.620605 76fc 	kCustomCompressionFC supported: 0
2025/10/30-00:27:34.620612 76fc 	kCustomCompressionFD supported: 0
2025/10/30-00:27:34.620620 76fc 	kCustomCompressionFE supported: 0
2025/10/30-00:27:34.620633 76fc Fast CRC32 supported: Not supported on x86
2025/10/30-00:27:34.620641 76fc DMutex implementation: std::mutex
2025/10/30-00:27:34.620648 76fc Jemalloc supported: 0
2025/10/30-00:27:34.621428 76fc [db\version_set.cc:6116] Recovering from manifest file: C:\VCC\themis\data\themis_server/MANIFEST-001754
2025/10/30-00:27:34.622662 76fc [db\column_family.cc:692] --------------- Options for column family [default]:
2025/10/30-00:27:34.622685 76fc               Options.comparator: leveldb.BytewiseComparator
2025/10/30-00:27:34.622695 76fc           Options.merge_operator: None
2025/10/30-00:27:34.622702 76fc        Options.compaction_filter: None
2025/10/30-00:27:34.622708 76fc        Options.compaction_filter_factory: None
2025/10/30-00:27:34.622715 76fc  Options.sst_partitioner_factory: None
2025/10/30-00:27:34.622723 76fc         Options.memtable_factory: SkipListFactory
2025/10/30-00:27:34.622734 76fc            Options.table_factory: BlockBasedTable
2025/10/30-00:27:34.622778 76fc            table_factory options:   flush_block_policy_factory: FlushBlockBySizePolicyFactory (000001951DB3B3C0)
  cache_index_and_filter_blocks: 1
  cache_index_and_filter_blocks_with_high_priority: 1
  pin_l0_filter_and_index_blocks_in_cache: 1
  pin_top_level_index_and_filter: 1
  index_type: 0
  data_block_index_type: 0
  index_shortening: 1
  data_block_hash_table_util_ratio: 0.750000
  checksum: 4
  no_block_cache: 0
  block_cache: 000001951DACAAF0
  block_cache_name: LRUCache
  block_cache_options:
    capacity : 1073741824
    num_shard_bits : 6
    strict_capacity_limit : 0
    memory_allocator : None
    high_pri_pool_ratio: 0.500
    low_pri_pool_ratio: 0.000
  persistent_cache: 0000000000000000
  block_size: 4096
  block_size_deviation: 10
  block_restart_interval: 16
  index_block_restart_interval: 1
  metadata_block_size: 4096
  partition_filters: 0
  use_delta_encoding: 1
  filter_policy: bloomfilter
  whole_key_filtering: 1
  verify_compression: 0
  read_amp_bytes_per_bit: 0
  format_version: 6
  enable_index_compression: 1
  block_align: 0
  max_auto_readahead_size: 262144
  prepopulate_block_cache: 0
  initial_auto_readahead_size: 8192
  num_file_reads_for_auto_readahead: 2
2025/10/30-00:27:34.622798 76fc        Options.write_buffer_size: 268435456
2025/10/30-00:27:34.622811 76fc  Options.max_write_buffer_number: 3
2025/10/30-00:27:34.622819 76fc          Options.compression: LZ4
2025/10/30-00:27:34.622827 76fc                  Options.bottommost_compression: ZSTD
2025/10/30-00:27:34.622837 76fc       Options.prefix_extractor: nullptr
2025/10/30-00:27:34.622849 76fc   Options.memtable_insert_with_hint_prefix_extractor: nullptr
2025/10/30-00:27:34.622859 76fc             Options.num_levels: 7
2025/10/30-00:27:34.622866 76fc        Options.min_write_buffer_number_to_merge: 1
2025/10/30-00:27:34.622872 76fc     Options.max_write_buffer_size_to_maintain: 805306368
2025/10/30-00:27:34.622879 76fc            Options.bottommost_compression_opts.window_bits: -14
2025/10/30-00:27:34.622886 76fc                  Options.bottommost_compression_opts.level: 32767
2025/10/30-00:27:34.622899 76fc               Options.bottommost_compression_opts.strategy: 0
2025/10/30-00:27:34.622911 76fc         Options.bottommost_compression_opts.max_dict_bytes: 0
2025/10/30-00:27:34.622919 76fc         Options.bottommost_compression_opts.zstd_max_train_bytes: 0
2025/10/30-00:27:34.622925 76fc         Options.bottommost_compression_opts.parallel_threads: 1
2025/10/30-00:27:34.622932 76fc                  Options.bottommost_compression_opts.enabled: false
2025/10/30-00:27:34.622940 76fc         Options.bottommost_compression_opts.max_dict_buffer_bytes: 0
2025/10/30-00:27:34.622951 76fc         Options.bottommost_compression_opts.use_zstd_dict_trainer: true
2025/10/30-00:27:34.622962 76fc            Options.compression_opts.window_bits: -14
2025/10/30-00:27:34.622988 76fc                  Options.compression_opts.level: 32767
2025/10/30-00:27:34.622995 76fc               Options.compression_opts.strategy: 0
2025/10/30-00:27:34.623002 76fc         Options.compression_opts.max_dict_bytes: 0
2025/10/30-00:27:34.623009 76fc         Options.compression_opts.zstd_max_train_bytes: 0
2025/10/30-00:27:34.623019 76fc         Options.compression_opts.use_zstd_dict_trainer: true
2025/10/30-00:27:34.623031 76fc         Options.compression_opts.parallel_threads: 1
2025/10/30-00:27:34.623039 76fc                  Options.compression_opts.enabled: false
2025/10/30-00:27:34.623045 76fc         Options.compression_opts.max_dict_buffer_bytes: 0
2025/10/30-00:27:34.623053 76fc      Options.level0_file_num_compaction_trigger: 4
2025/10/30-00:27:34.623060 76fc          Options.level0_slowdown_writes_trigger: 20
2025/10/30-00:27:34.623070 76fc              Options.level0_stop_writes_trigger: 36
2025/10/30-00:27:34.623081 76fc                   Options.target_file_size_base: 67108864
2025/10/30-00:27:34.623091 76fc             Options.target_file_size_multiplier: 1
2025/10/30-00:27:34.623098 76fc                Options.max_bytes_for_level_base: 268435456
2025/10/30-00:27:34.623105 76fc Options.level_compaction_dynamic_level_bytes: 1
2025/10/30-00:27:34.623111 76fc          Options.max_bytes_for_level_multiplier: 10.000000
2025/10/30-00:27:34.623123 76fc Options.max_bytes_for_level_multiplier_addtl[0]: 1
2025/10/30-00:27:34.623135 76fc Options.max_bytes_for_level_multiplier_addtl[1]: 1
2025/10/30-00:27:34.623144 76fc Options.max_bytes_for_level_multiplier_addtl[2]: 1
2025/10/30-00:27:34.623153 76fc Options.max_bytes_for_level_multiplier_addtl[3]: 1
2025/10/30-00:27:34.623161 76fc Options.max_bytes_for_level_multiplier_addtl[4]: 1
2025/10/30-00:27:34.623169 76fc Options.max_bytes_for_level_multiplier_addtl[5]: 1
2025/10/30-00:27:34.623180 76fc Options.max_bytes_for_level_multiplier_addtl[6]: 1
2025/10/30-00:27:34.623190 76fc       Options.max_sequential_skip_in_iterations: 8
2025/10/30-00:27:34.623199 76fc          Options.memtable_op_scan_flush_trigger: 0
2025/10/30-00:27:34.623206 76fc      Options.memtable_avg_op_scan_flush_trigger: 0
2025/10/30-00:27:34.623212 76fc                    Options.max_compaction_bytes: 1677721600
2025/10/30-00:27:34.623219 76fc                        Options.arena_block_size: 1048576
2025/10/30-00:27:34.623246 76fc   Options.soft_pending_compaction_bytes_limit: 68719476736
2025/10/30-00:27:34.623260 76fc   Options.hard_pending_compaction_bytes_limit: 274877906944
2025/10/30-00:27:34.623270 76fc                Options.disable_auto_compactions: 1
2025/10/30-00:27:34.623279 76fc                        Options.compaction_style: kCompactionStyleLevel
2025/10/30-00:27:34.623287 76fc                          Options.compaction_pri: kMinOverlappingRatio
2025/10/30-00:27:34.623297 76fc Options.compaction_options_universal.size_ratio: 1
2025/10/30-00:27:34.623309 76fc Options.compaction_options_universal.min_merge_width: 2
2025/10/30-00:27:34.623319 76fc Options.compaction_options_universal.max_merge_width: 4294967295
2025/10/30-00:27:34.623326 76fc Options.compaction_options_universal.max_size_amplification_percent: 200
2025/10/30-00:27:34.623332 76fc Options.compaction_options_universal.compression_size_percent: -1
2025/10/30-00:27:34.623339 76fc Options.compaction_options_universal.stop_style: kCompactionStopStyleTotalSize
2025/10/30-00:27:34.623350 76fc Options.compaction_options_universal.max_read_amp: -1
2025/10/30-00:27:34.623362 76fc Options.compaction_options_universal.reduce_file_locking: 0
2025/10/30-00:27:34.623371 76fc Options.compaction_options_fifo.max_table_files_size: 1073741824
2025/10/30-00:27:34.623378 76fc Options.compaction_options_fifo.allow_compaction: 0
2025/10/30-00:27:34.623387 76fc                   Options.table_properties_collectors: 
2025/10/30-00:27:34.623394 76fc                   Options.inplace_update_support: 0
2025/10/30-00:27:34.623404 76fc                 Options.inplace_update_num_locks: 10000
2025/10/30-00:27:34.623415 76fc               Options.memtable_prefix_bloom_size_ratio: 0.000000
2025/10/30-00:27:34.623425 76fc               Options.memtable_whole_key_filtering: 0
2025/10/30-00:27:34.623432 76fc   Options.memtable_huge_page_size: 0
2025/10/30-00:27:34.623439 76fc                           Options.bloom_locality: 0
2025/10/30-00:27:34.623445 76fc                    Options.max_successive_merges: 0
2025/10/30-00:27:34.623456 76fc             Options.strict_max_successive_merges: 0
2025/10/30-00:27:34.623467 76fc                Options.optimize_filters_for_hits: 0
2025/10/30-00:27:34.623475 76fc                Options.paranoid_file_checks: 0
2025/10/30-00:27:34.623481 76fc                Options.force_consistency_checks: 1
2025/10/30-00:27:34.623488 76fc                Options.report_bg_io_stats: 0
2025/10/30-00:27:34.623495 76fc                Options.disallow_memtable_writes: 0
2025/10/30-00:27:34.623504 76fc                               Options.ttl: 2592000
2025/10/30-00:27:34.623515 76fc          Options.periodic_compaction_seconds: 0
2025/10/30-00:27:34.623525 76fc                        Options.default_temperature: kUnknown
2025/10/30-00:27:34.623532 76fc  Options.preclude_last_level_data_seconds: 0
2025/10/30-00:27:34.623539 76fc    Options.preserve_internal_time_seconds: 0
2025/10/30-00:27:34.623545 76fc                       Options.enable_blob_files: false
2025/10/30-00:27:34.623554 76fc                           Options.min_blob_size: 0
2025/10/30-00:27:34.623566 76fc                          Options.blob_file_size: 268435456
2025/10/30-00:27:34.623576 76fc                   Options.blob_compression_type: NoCompression
2025/10/30-00:27:34.623626 76fc          Options.enable_blob_garbage_collection: false
2025/10/30-00:27:34.623637 76fc      Options.blob_garbage_collection_age_cutoff: 0.250000
2025/10/30-00:27:34.623645 76fc Options.blob_garbage_collection_force_threshold: 1.000000
2025/10/30-00:27:34.623652 76fc          Options.blob_compaction_readahead_size: 0
2025/10/30-00:27:34.623662 76fc                Options.blob_file_starting_level: 0
2025/10/30-00:27:34.623674 76fc         Options.experimental_mempurge_threshold: 0.000000
2025/10/30-00:27:34.623684 76fc            Options.memtable_max_range_deletions: 0
2025/10/30-00:27:34.625298 76fc [db\version_set.cc:6174] Recovered from manifest file:C:\VCC\themis\data\themis_server/MANIFEST-001754 succeeded,manifest_file_number is 1754, next_file_number is 1756, last_sequence is 111, log_number is 1748,prev_log_number is 0,max_column_family is 0,min_log_number_to_keep is 0
2025/10/30-00:27:34.625336 76fc [db\version_set.cc:6183] Column family [default] (ID 0), log number is 1748
2025/10/30-00:27:34.625724 76fc [db\db_impl\db_impl_open.cc:692] DB ID: 91529813-b413-11f0-8e09-b42e99fe92b3
2025/10/30-00:27:34.627148 76fc EVENT_LOG_v1 {"time_micros": 1761780454627048, "job": 1, "event": "recovery_started", "wal_files": [4, 10, 16, 22, 28, 34, 40, 46, 52, 58, 64, 70, 76, 82, 88, 94, 100, 106, 113, 120, 126, 133, 139, 145, 151, 157, 163, 169, 175, 181, 187, 193, 200, 208, 214, 221, 229, 235, 241, 247, 253, 259, 265, 271, 277, 283, 290, 297, 306, 313, 320, 326, 332, 338, 344, 350, 356, 362, 368, 374, 381, 388, 397, 404, 411, 417, 423, 429, 435, 441, 447, 453, 459, 465, 472, 482, 491, 498, 504, 510, 516, 522, 528, 534, 540, 546, 552, 558, 565, 572, 578, 585, 592, 598, 604, 610, 616, 622, 628, 634, 640, 646, 653, 663, 669, 676, 683, 689, 695, 701, 707, 713, 719, 725, 731, 737, 744, 751, 759, 766, 773, 779, 785, 791, 797, 803, 809, 815, 821, 827, 834, 844, 852, 859, 865, 871, 877, 883, 889, 895, 901, 907, 913, 919, 926, 933, 939, 946, 953, 959, 965, 971, 977, 983, 989, 995, 1001, 1007, 1014, 1023, 1029, 1036, 1043, 1049, 1055, 1061, 1067, 1073, 1079, 1085, 1091, 1097, 1104, 1111, 1119, 1126, 1133, 1139, 1145, 1151, 1157, 1163, 1169, 1175, 1181, 1187, 1193, 1200, 1209, 1217, 1224, 1230, 1236, 1242, 1248, 1254, 1260, 1266, 1272, 1278, 1284, 1291, 1298, 1304, 1311, 1318, 1324, 1330, 1336, 1342, 1348, 1354, 1360, 1366, 1372, 1379, 1388, 1394, 1401, 1408, 1414, 1420, 1426, 1432, 1438, 1444, 1450, 1456, 1462, 1469, 1476, 1484, 1491, 1498, 1504, 1510, 1516, 1523, 1532, 1538, 1544, 1550, 1556, 1562, 1568, 1574, 1580, 1586, 1592, 1598, 1604, 1610, 1616, 1622, 1628, 1634, 1640, 1646, 1652, 1658, 1664, 1670, 1676, 1683, 1690, 1696, 1703, 1711, 1717, 1723, 1729, 1735, 1741, 1747, 1753]}
2025/10/30-00:27:34.627170 76fc [db\db_impl\db_impl_open.cc:1379] Recovering log #4 mode 2
2025/10/30-00:27:34.627282 76fc [db\db_impl\db_impl_open.cc:1353] Recovered to log #4 next seq #72057594037927935
2025/10/30-00:27:34.627354 76fc [db\db_impl\db_impl_open.cc:1379] Recovering log #10 mode 2
2025/10/30-00:27:34.627425 76fc [db\db_impl\db_impl_open.cc:1353] Recovered to log #10 next seq #72057594037927935
2025/10/30-00:27:34.627492 76fc [db\db_impl\db_impl_open.cc:1379] Recovering log #16 mode 2
2025/10/30-00:27:34.627559 76fc [db\db_impl\db_impl_open.cc:1353] Recovered to log #16 next seq #72057594037927935
2025/10/30-00:27:34.627625 76fc [db\db_impl\db_impl_open.cc:1379] Recovering log #22 mode 2
2025/10/30-00:27:34.627690 76fc [db\db_impl\db_impl_open.cc:1353] Recovered to log #22 next seq #72057594037927935
2025/10/30-00:27:34.627755 76fc [db\db_impl\db_impl_open.cc:1379] Recovering log #28 mode 2
2025/10/30-00:27:34.627824 76fc [db\db_impl\db_impl_open.cc:1353] Recovered to log #28 next seq #72057594037927935
2025/10/30-00:27:34.627888 76fc [db\db_impl\db_impl_open.cc:1379] Recovering log #34 mode 2
2025/10/30-00:27:34.627973 76fc [db\db_impl\db_impl_open.cc:1353] Recovered to log #34 next seq #72057594037927935
2025/10/30-00:27:34.628039 76fc [db\db_impl\db_impl_open.cc:1379] Recovering log #40 mode 2
2025/10/30-00:27:34.628109 76fc [db\db_impl\db_impl_open.cc:1353] Recovered to log #40 next seq #72057594037927935
2025/10/30-00:27:34.628176 76fc [db\db_impl\db_impl_open.cc:1379] Recovering log #46 mode 2
2025/10/30-00:27:34.628242 76fc [db\db_impl\db_impl_open.cc:1353] Recovered to log #46 next seq #72057594037927935
2025/10/30-00:27:34.628307 76fc [db\db_impl\db_impl_open.cc:1379] Recovering log #52 mode 2
2025/10/30-00:27:34.628373 76fc [db\db_impl\db_impl_open.cc:1353] Recovered to log #52 next seq #72057594037927935
2025/10/30-00:27:34.628436 76fc [db\db_impl\db_impl_open.cc:1379] Recovering log #58 mode 2
2025/10/30-00:27:34.628502 76fc [db\db_impl\db_impl_open.cc:1353] Recovered to log #58 next seq #72057594037927935
2025/10/30-00:27:34.628566 76fc [db\db_impl\db_impl_open.cc:1379] Recovering log #64 mode 2
2025/10/30-00:27:34.628632 76fc [db\db_impl\db_impl_open.cc:1353] Recovered to log #64 next seq #72057594037927935
2025/10/30-00:27:34.628697 76fc [db\db_impl\db_impl_open.cc:1379] Recovering log #70 mode 2
2025/10/30-00:27:34.628782 76fc [db\db_impl\db_impl_open.cc:1353] Recovered to log #70 next seq #72057594037927935
2025/10/30-00:27:34.628844 76fc [db\db_impl\db_impl_open.cc:1379] Recovering log #76 mode 2
2025/10/30-00:27:34.628908 76fc [db\db_impl\db_impl_open.cc:1353] Recovered to log #76 next seq #72057594037927935
2025/10/30-00:27:34.628977 76fc [db\db_impl\db_impl_open.cc:1379] Recovering log #82 mode 2
2025/10/30-00:27:34.629041 76fc [db\db_impl\db_impl_open.cc:1353] Recovered to log #82 next seq #72057594037927935
2025/10/30-00:27:34.629105 76fc [db\db_impl\db_impl_open.cc:1379] Recovering log #88 mode 2
2025/10/30-00:27:34.629170 76fc [db\db_impl\db_impl_open.cc:1353] Recovered to log #88 next seq #72057594037927935
2025/10/30-00:27:34.629232 76fc [db\db_impl\db_impl_open.cc:1379] Recovering log #94 mode 2
2025/10/30-00:27:34.629297 76fc [db\db_impl\db_impl_open.cc:1353] Recovered to log #94 next seq #72057594037927935
2025/10/30-00:27:34.629359 76fc [db\db_impl\db_impl_open.cc:1379] Recovering log #100 mode 2
2025/10/30-00:27:34.629424 76fc [db\db_impl\db_impl_open.cc:1353] Recovered to log #100 next seq #72057594037927935
2025/10/30-00:27:34.629487 76fc [db\db_impl\db_impl_open.cc:1379] Recovering log #106 mode 2
2025/10/30-00:27:34.629596 76fc [db\db_impl\db_impl_open.cc:1353] Recovered to log #106 next seq #2
2025/10/30-00:27:34.629683 76fc [db\db_impl\db_impl_open.cc:1379] Recovering log #113 mode 2
2025/10/30-00:27:34.629776 76fc [db\db_impl\db_impl_open.cc:1353] Recovered to log #113 next seq #4
2025/10/30-00:27:34.629840 76fc [db\db_impl\db_impl_open.cc:1379] Recovering log #120 mode 2
2025/10/30-00:27:34.629908 76fc [db\db_impl\db_impl_open.cc:1353] Recovered to log #120 next seq #4
2025/10/30-00:27:34.630017 76fc [db\db_impl\db_impl_open.cc:1379] Recovering log #126 mode 2
2025/10/30-00:27:34.630158 76fc [db\db_impl\db_impl_open.cc:1353] Recovered to log #126 next seq #6
2025/10/30-00:27:34.630230 76fc [db\db_impl\db_impl_open.cc:1379] Recovering log #133 mode 2
