2025/10/29-23:22:17.877226 31c4 RocksDB version: 10.4.2
2025/10/29-23:22:17.877312 31c4 Git sha 0
2025/10/29-23:22:17.877343 31c4 Compile date 2025-10-27 15:09:02
2025/10/29-23:22:17.877459 31c4 DB SUMMARY
2025/10/29-23:22:17.877484 31c4 Host name (Env):  DESKTOP-712S8LO
2025/10/29-23:22:17.877504 31c4 DB Session ID:  835OM7BSPZGQ4HMXF4FA
2025/10/29-23:22:17.887634 31c4 CURRENT file:  CURRENT
2025/10/29-23:22:17.887666 31c4 IDENTITY file:  IDENTITY
2025/10/29-23:22:17.887729 31c4 MANIFEST file:  MANIFEST-001551 size: 355 Bytes
2025/10/29-23:22:17.887750 31c4 SST files in C:\VCC\themis\data\themis_server dir, Total Num: 2, files: 001528.sst 001531.sst 
2025/10/29-23:22:17.887771 31c4 Write Ahead Log file in C:\VCC\themis\data\themis_server: 000004.log size: 0 ; 000010.log size: 0 ; 000016.log size: 0 ; 000022.log size: 0 ; 000028.log size: 0 ; 000034.log size: 0 ; 000040.log size: 0 ; 000046.log size: 0 ; 000052.log size: 0 ; 000058.log size: 0 ; 000064.log size: 0 ; 000070.log size: 0 ; 000076.log size: 0 ; 000082.log size: 0 ; 000088.log size: 0 ; 000094.log size: 0 ; 000100.log size: 0 ; 000106.log size: 42 ; 000113.log size: 90 ; 000120.log size: 0 ; 000126.log size: 86 ; 000133.log size: 0 ; 000139.log size: 0 ; 000145.log size: 0 ; 000151.log size: 0 ; 000157.log size: 0 ; 000163.log size: 0 ; 000169.log size: 0 ; 000175.log size: 0 ; 000181.log size: 0 ; 000187.log size: 0 ; 000193.log size: 42 ; 000200.log size: 90 ; 000208.log size: 0 ; 000214.log size: 86 ; 000221.log size: 0 ; 000229.log size: 0 ; 000235.log size: 0 ; 000241.log size: 0 ; 000247.log size: 0 ; 000253.log size: 0 ; 000259.log size: 0 ; 000265.log size: 0 ; 000271.log size: 0 ; 000277.log size: 0 ; 000283.log size: 42 ; 000290.log size: 90 ; 000297.log size: 0 ; 000306.log size: 86 ; 000313.log size: 0 ; 000320.log size: 0 ; 000326.log size: 0 ; 000332.log size: 0 ; 000338.log size: 0 ; 000344.log size: 0 ; 000350.log size: 0 ; 000356.log size: 0 ; 000362.log size: 0 ; 000368.log size: 0 ; 000374.log size: 42 ; 000381.log size: 90 ; 000388.log size: 0 ; 000397.log size: 86 ; 000404.log size: 0 ; 000411.log size: 0 ; 000417.log size: 0 ; 000423.log size: 0 ; 000429.log size: 0 ; 000435.log size: 0 ; 000441.log size: 0 ; 000447.log size: 0 ; 000453.log size: 0 ; 000459.log size: 0 ; 000465.log size: 42 ; 000472.log size: 90 ; 000482.log size: 0 ; 000491.log size: 86 ; 000498.log size: 0 ; 000504.log size: 0 ; 000510.log size: 0 ; 000516.log size: 0 ; 000522.log size: 0 ; 000528.log size: 0 ; 000534.log size: 0 ; 000540.log size: 0 ; 000546.log size: 0 ; 000552.log size: 0 ; 000558.log size: 42 ; 000565.log size: 90 ; 000572.log size: 0 ; 000578.log size: 86 ; 000585.log size: 0 ; 000592.log size: 0 ; 000598.log size: 0 ; 000604.log size: 0 ; 000610.log size: 0 ; 000616.log size: 0 ; 000622.log size: 0 ; 000628.log size: 0 ; 000634.log size: 0 ; 000640.log size: 0 ; 000646.log size: 42 ; 000653.log size: 90 ; 000663.log size: 0 ; 000669.log size: 86 ; 000676.log size: 0 ; 000683.log size: 0 ; 000689.log size: 0 ; 000695.log size: 0 ; 000701.log size: 0 ; 000707.log size: 0 ; 000713.log size: 0 ; 000719.log size: 0 ; 000725.log size: 0 ; 000731.log size: 0 ; 000737.log size: 42 ; 000744.log size: 90 ; 000751.log size: 0 ; 000759.log size: 86 ; 000766.log size: 0 ; 000773.log size: 0 ; 000779.log size: 0 ; 000785.log size: 0 ; 000791.log size: 0 ; 000797.log size: 0 ; 000803.log size: 0 ; 000809.log size: 0 ; 000815.log size: 0 ; 000821.log size: 0 ; 000827.log size: 42 ; 000834.log size: 90 ; 000844.log size: 0 ; 000852.log size: 86 ; 000859.log size: 0 ; 000865.log size: 0 ; 000871.log size: 0 ; 000877.log size: 0 ; 000883.log size: 0 ; 000889.log size: 0 ; 000895.log size: 0 ; 000901.log size: 0 ; 000907.log size: 0 ; 000913.log size: 0 ; 000919.log size: 42 ; 000926.log size: 90 ; 000933.log size: 0 ; 000939.log size: 86 ; 000946.log size: 0 ; 000953.log size: 0 ; 000959.log size: 0 ; 000965.log size: 0 ; 000971.log size: 0 ; 000977.log size: 0 ; 000983.log size: 0 ; 000989.log size: 0 ; 000995.log size: 0 ; 001001.log size: 0 ; 001007.log size: 42 ; 001014.log size: 90 ; 001023.log size: 0 ; 001029.log size: 86 ; 001036.log size: 0 ; 001043.log size: 0 ; 001049.log size: 0 ; 001055.log size: 0 ; 001061.log size: 0 ; 001067.log size: 0 ; 001073.log size: 0 ; 001079.log size: 0 ; 001085.log size: 0 ; 001091.log size: 0 ; 001097.log size: 42 ; 001104.log size: 90 ; 001111.log size: 0 ; 001119.log size: 86 ; 001126.log size: 0 ; 001133.log size: 0 ; 001139.log size: 0 ; 001145.log size: 0 ; 001151.log size: 0 ; 001157.log size: 0 ; 001163.log size: 0 ; 001169.log size: 0 ; 001175.log size: 0 ; 001181.log size: 0 ; 001187.log size: 0 ; 001193.log size: 42 ; 001200.log size: 90 ; 001209.log size: 0 ; 001217.log size: 86 ; 001224.log size: 0 ; 001230.log size: 0 ; 001236.log size: 0 ; 001242.log size: 0 ; 001248.log size: 0 ; 001254.log size: 0 ; 001260.log size: 0 ; 001266.log size: 0 ; 001272.log size: 0 ; 001278.log size: 0 ; 001284.log size: 42 ; 001291.log size: 90 ; 001298.log size: 0 ; 001304.log size: 86 ; 001311.log size: 0 ; 001318.log size: 0 ; 001324.log size: 0 ; 001330.log size: 0 ; 001336.log size: 0 ; 001342.log size: 0 ; 001348.log size: 0 ; 001354.log size: 0 ; 001360.log size: 0 ; 001366.log size: 0 ; 001372.log size: 42 ; 001379.log size: 90 ; 001388.log size: 0 ; 001394.log size: 86 ; 001401.log size: 0 ; 001408.log size: 0 ; 001414.log size: 0 ; 001420.log size: 0 ; 001426.log size: 0 ; 001432.log size: 0 ; 001438.log size: 0 ; 001444.log size: 0 ; 001450.log size: 0 ; 001456.log size: 0 ; 001462.log size: 42 ; 001469.log size: 90 ; 001476.log size: 0 ; 001484.log size: 86 ; 001491.log size: 0 ; 001498.log size: 0 ; 001504.log size: 0 ; 001510.log size: 0 ; 001516.log size: 244 ; 001523.log size: 876 ; 001532.log size: 0 ; 001538.log size: 0 ; 001544.log size: 0 ; 001550.log size: 0 ; 
2025/10/29-23:22:17.887932 31c4                         Options.error_if_exists: 0
2025/10/29-23:22:17.887950 31c4                       Options.create_if_missing: 1
2025/10/29-23:22:17.887958 31c4                         Options.paranoid_checks: 1
2025/10/29-23:22:17.887964 31c4             Options.flush_verify_memtable_count: 1
2025/10/29-23:22:17.887970 31c4          Options.compaction_verify_record_count: 1
2025/10/29-23:22:17.887976 31c4                               Options.track_and_verify_wals_in_manifest: 0
2025/10/29-23:22:17.887982 31c4                               Options.track_and_verify_wals: 0
2025/10/29-23:22:17.887988 31c4        Options.verify_sst_unique_id_in_manifest: 1
2025/10/29-23:22:17.887994 31c4                                     Options.env: 00000293EC3273F0
2025/10/29-23:22:17.888001 31c4                                      Options.fs: WinFS
2025/10/29-23:22:17.888008 31c4                                Options.info_log: 00000293EC2F86A0
2025/10/29-23:22:17.888014 31c4                Options.max_file_opening_threads: 16
2025/10/29-23:22:17.888020 31c4                              Options.statistics: 00000293EC329EE0
2025/10/29-23:22:17.888026 31c4                              Options.statistics stats level: 1
2025/10/29-23:22:17.888032 31c4                               Options.use_fsync: 0
2025/10/29-23:22:17.888038 31c4                       Options.max_log_file_size: 0
2025/10/29-23:22:17.888045 31c4                  Options.max_manifest_file_size: 1073741824
2025/10/29-23:22:17.888052 31c4                   Options.log_file_time_to_roll: 0
2025/10/29-23:22:17.888058 31c4                       Options.keep_log_file_num: 1000
2025/10/29-23:22:17.888065 31c4                    Options.recycle_log_file_num: 0
2025/10/29-23:22:17.888071 31c4                         Options.allow_fallocate: 1
2025/10/29-23:22:17.888077 31c4                        Options.allow_mmap_reads: 0
2025/10/29-23:22:17.888082 31c4                       Options.allow_mmap_writes: 0
2025/10/29-23:22:17.888088 31c4                        Options.use_direct_reads: 0
2025/10/29-23:22:17.888095 31c4                        Options.use_direct_io_for_flush_and_compaction: 0
2025/10/29-23:22:17.888102 31c4          Options.create_missing_column_families: 0
2025/10/29-23:22:17.888108 31c4                              Options.db_log_dir: 
2025/10/29-23:22:17.888136 31c4                                 Options.wal_dir: 
2025/10/29-23:22:17.888145 31c4                Options.table_cache_numshardbits: 6
2025/10/29-23:22:17.888152 31c4                         Options.WAL_ttl_seconds: 0
2025/10/29-23:22:17.888158 31c4                       Options.WAL_size_limit_MB: 0
2025/10/29-23:22:17.888164 31c4                        Options.max_write_batch_group_size_bytes: 1048576
2025/10/29-23:22:17.888171 31c4             Options.manifest_preallocation_size: 4194304
2025/10/29-23:22:17.888178 31c4                     Options.is_fd_close_on_exec: 1
2025/10/29-23:22:17.888184 31c4                   Options.advise_random_on_open: 1
2025/10/29-23:22:17.888190 31c4                    Options.db_write_buffer_size: 0
2025/10/29-23:22:17.888196 31c4                    Options.write_buffer_manager: 00000293EC326B80
2025/10/29-23:22:17.888202 31c4                      Options.use_adaptive_mutex: 0
2025/10/29-23:22:17.888208 31c4                            Options.rate_limiter: 0000000000000000
2025/10/29-23:22:17.888215 31c4     Options.sst_file_manager.rate_bytes_per_sec: 0
2025/10/29-23:22:17.888222 31c4                       Options.wal_recovery_mode: 2
2025/10/29-23:22:17.888228 31c4                  Options.enable_thread_tracking: 0
2025/10/29-23:22:17.888235 31c4                  Options.enable_pipelined_write: 0
2025/10/29-23:22:17.888241 31c4                  Options.unordered_write: 0
2025/10/29-23:22:17.888247 31c4         Options.allow_concurrent_memtable_write: 1
2025/10/29-23:22:17.888253 31c4      Options.enable_write_thread_adaptive_yield: 1
2025/10/29-23:22:17.888259 31c4             Options.write_thread_max_yield_usec: 100
2025/10/29-23:22:17.888265 31c4            Options.write_thread_slow_yield_usec: 3
2025/10/29-23:22:17.888272 31c4                               Options.row_cache: None
2025/10/29-23:22:17.888279 31c4                              Options.wal_filter: None
2025/10/29-23:22:17.888286 31c4             Options.avoid_flush_during_recovery: 0
2025/10/29-23:22:17.888292 31c4             Options.allow_ingest_behind: 0
2025/10/29-23:22:17.888298 31c4             Options.two_write_queues: 0
2025/10/29-23:22:17.888304 31c4             Options.manual_wal_flush: 0
2025/10/29-23:22:17.888310 31c4             Options.wal_compression: 0
2025/10/29-23:22:17.888316 31c4             Options.background_close_inactive_wals: 0
2025/10/29-23:22:17.888323 31c4             Options.atomic_flush: 0
2025/10/29-23:22:17.888329 31c4             Options.avoid_unnecessary_blocking_io: 0
2025/10/29-23:22:17.888336 31c4             Options.prefix_seek_opt_in_only: 0
2025/10/29-23:22:17.888342 31c4                 Options.persist_stats_to_disk: 0
2025/10/29-23:22:17.888348 31c4                 Options.write_dbid_to_manifest: 1
2025/10/29-23:22:17.888354 31c4                 Options.write_identity_file: 1
2025/10/29-23:22:17.888360 31c4                 Options.log_readahead_size: 0
2025/10/29-23:22:17.888366 31c4                 Options.file_checksum_gen_factory: Unknown
2025/10/29-23:22:17.888373 31c4                 Options.best_efforts_recovery: 0
2025/10/29-23:22:17.888380 31c4                Options.max_bgerror_resume_count: 2147483647
2025/10/29-23:22:17.888386 31c4            Options.bgerror_resume_retry_interval: 1000000
2025/10/29-23:22:17.888392 31c4             Options.allow_data_in_errors: 0
2025/10/29-23:22:17.888398 31c4             Options.db_host_id: __hostname__
2025/10/29-23:22:17.888404 31c4             Options.enforce_single_del_contracts: true
2025/10/29-23:22:17.888410 31c4             Options.metadata_write_temperature: kUnknown
2025/10/29-23:22:17.888417 31c4             Options.wal_write_temperature: kUnknown
2025/10/29-23:22:17.888424 31c4             Options.max_background_jobs: 4
2025/10/29-23:22:17.888430 31c4             Options.max_background_compactions: -1
2025/10/29-23:22:17.888437 31c4             Options.max_subcompactions: 1
2025/10/29-23:22:17.888443 31c4             Options.avoid_flush_during_shutdown: 0
2025/10/29-23:22:17.888451 31c4           Options.writable_file_max_buffer_size: 1048576
2025/10/29-23:22:17.888458 31c4             Options.delayed_write_rate : 16777216
2025/10/29-23:22:17.888464 31c4             Options.max_total_wal_size: 0
2025/10/29-23:22:17.888470 31c4             Options.delete_obsolete_files_period_micros: 21600000000
2025/10/29-23:22:17.888477 31c4                   Options.stats_dump_period_sec: 600
2025/10/29-23:22:17.888484 31c4                 Options.stats_persist_period_sec: 600
2025/10/29-23:22:17.888490 31c4                 Options.stats_history_buffer_size: 1048576
2025/10/29-23:22:17.888496 31c4                          Options.max_open_files: -1
2025/10/29-23:22:17.888502 31c4                          Options.bytes_per_sync: 0
2025/10/29-23:22:17.888508 31c4                      Options.wal_bytes_per_sync: 0
2025/10/29-23:22:17.888514 31c4                   Options.strict_bytes_per_sync: 0
2025/10/29-23:22:17.888520 31c4       Options.compaction_readahead_size: 2097152
2025/10/29-23:22:17.888527 31c4                  Options.max_background_flushes: -1
2025/10/29-23:22:17.888534 31c4 Options.daily_offpeak_time_utc: 
2025/10/29-23:22:17.888540 31c4 Compression algorithms supported:
2025/10/29-23:22:17.888546 31c4 	kZSTD supported: 1
2025/10/29-23:22:17.888552 31c4 	kCustomCompressionA3 supported: 0
2025/10/29-23:22:17.888559 31c4 	kSnappyCompression supported: 0
2025/10/29-23:22:17.888565 31c4 	kCustomCompressionA5 supported: 0
2025/10/29-23:22:17.888571 31c4 	kBZip2Compression supported: 0
2025/10/29-23:22:17.888577 31c4 	kZlibCompression supported: 1
2025/10/29-23:22:17.888584 31c4 	kLZ4Compression supported: 1
2025/10/29-23:22:17.888590 31c4 	kXpressCompression supported: 0
2025/10/29-23:22:17.888597 31c4 	kCustomCompressionA7 supported: 0
2025/10/29-23:22:17.888603 31c4 	kLZ4HCCompression supported: 1
2025/10/29-23:22:17.888609 31c4 	kCustomCompressionB2 supported: 0
2025/10/29-23:22:17.888615 31c4 	kCustomCompression9C supported: 0
2025/10/29-23:22:17.888621 31c4 	kCustomCompression80 supported: 0
2025/10/29-23:22:17.888627 31c4 	kCustomCompressionB3 supported: 0
2025/10/29-23:22:17.888634 31c4 	kCustomCompression9B supported: 0
2025/10/29-23:22:17.888640 31c4 	kCustomCompression81 supported: 0
2025/10/29-23:22:17.888647 31c4 	kCustomCompressionB0 supported: 0
2025/10/29-23:22:17.888653 31c4 	kCustomCompression9A supported: 0
2025/10/29-23:22:17.888659 31c4 	kCustomCompression82 supported: 0
2025/10/29-23:22:17.888665 31c4 	kCustomCompressionB1 supported: 0
2025/10/29-23:22:17.888671 31c4 	kCustomCompression83 supported: 0
2025/10/29-23:22:17.888677 31c4 	kCustomCompressionB6 supported: 0
2025/10/29-23:22:17.888684 31c4 	kCustomCompression84 supported: 0
2025/10/29-23:22:17.888690 31c4 	kCustomCompressionB7 supported: 0
2025/10/29-23:22:17.888696 31c4 	kCustomCompression9F supported: 0
2025/10/29-23:22:17.888702 31c4 	kCustomCompression85 supported: 0
2025/10/29-23:22:17.888708 31c4 	kCustomCompressionB4 supported: 0
2025/10/29-23:22:17.888714 31c4 	kCustomCompression9E supported: 0
2025/10/29-23:22:17.888720 31c4 	kCustomCompression86 supported: 0
2025/10/29-23:22:17.888727 31c4 	kCustomCompressionB5 supported: 0
2025/10/29-23:22:17.888733 31c4 	kCustomCompression9D supported: 0
2025/10/29-23:22:17.888740 31c4 	kCustomCompression87 supported: 0
2025/10/29-23:22:17.888746 31c4 	kCustomCompression88 supported: 0
2025/10/29-23:22:17.888752 31c4 	kCustomCompression89 supported: 0
2025/10/29-23:22:17.888758 31c4 	kCustomCompression92 supported: 0
2025/10/29-23:22:17.888764 31c4 	kCustomCompression8A supported: 0
2025/10/29-23:22:17.888770 31c4 	kCustomCompression91 supported: 0
2025/10/29-23:22:17.888776 31c4 	kCustomCompression8B supported: 0
2025/10/29-23:22:17.888783 31c4 	kCustomCompression90 supported: 0
2025/10/29-23:22:17.888789 31c4 	kCustomCompression8C supported: 0
2025/10/29-23:22:17.888796 31c4 	kCustomCompression97 supported: 0
2025/10/29-23:22:17.888801 31c4 	kCustomCompression8D supported: 0
2025/10/29-23:22:17.888807 31c4 	kCustomCompression96 supported: 0
2025/10/29-23:22:17.888832 31c4 	kCustomCompression8E supported: 0
2025/10/29-23:22:17.888841 31c4 	kCustomCompression95 supported: 0
2025/10/29-23:22:17.888848 31c4 	kCustomCompression8F supported: 0
2025/10/29-23:22:17.888854 31c4 	kCustomCompression93 supported: 0
2025/10/29-23:22:17.888861 31c4 	kCustomCompression94 supported: 0
2025/10/29-23:22:17.888866 31c4 	kCustomCompression98 supported: 0
2025/10/29-23:22:17.888872 31c4 	kCustomCompression99 supported: 0
2025/10/29-23:22:17.888878 31c4 	kCustomCompressionA0 supported: 0
2025/10/29-23:22:17.888884 31c4 	kCustomCompressionA1 supported: 0
2025/10/29-23:22:17.888890 31c4 	kCustomCompressionA2 supported: 0
2025/10/29-23:22:17.888897 31c4 	kCustomCompressionA4 supported: 0
2025/10/29-23:22:17.888903 31c4 	kCustomCompressionA6 supported: 0
2025/10/29-23:22:17.888909 31c4 	kCustomCompressionA8 supported: 0
2025/10/29-23:22:17.888916 31c4 	kCustomCompressionA9 supported: 0
2025/10/29-23:22:17.888922 31c4 	kCustomCompressionAA supported: 0
2025/10/29-23:22:17.888928 31c4 	kCustomCompressionAB supported: 0
2025/10/29-23:22:17.888933 31c4 	kCustomCompressionAC supported: 0
2025/10/29-23:22:17.888939 31c4 	kCustomCompressionAD supported: 0
2025/10/29-23:22:17.888946 31c4 	kCustomCompressionAE supported: 0
2025/10/29-23:22:17.888952 31c4 	kCustomCompressionAF supported: 0
2025/10/29-23:22:17.888959 31c4 	kCustomCompressionB8 supported: 0
2025/10/29-23:22:17.888965 31c4 	kCustomCompressionB9 supported: 0
2025/10/29-23:22:17.888971 31c4 	kCustomCompressionBA supported: 0
2025/10/29-23:22:17.888977 31c4 	kCustomCompressionBB supported: 0
2025/10/29-23:22:17.888982 31c4 	kCustomCompressionBC supported: 0
2025/10/29-23:22:17.888988 31c4 	kCustomCompressionBD supported: 0
2025/10/29-23:22:17.888995 31c4 	kCustomCompressionBE supported: 0
2025/10/29-23:22:17.889001 31c4 	kCustomCompressionBF supported: 0
2025/10/29-23:22:17.889008 31c4 	kCustomCompressionC0 supported: 0
2025/10/29-23:22:17.889014 31c4 	kCustomCompressionC1 supported: 0
2025/10/29-23:22:17.889019 31c4 	kCustomCompressionC2 supported: 0
2025/10/29-23:22:17.889025 31c4 	kCustomCompressionC3 supported: 0
2025/10/29-23:22:17.889031 31c4 	kCustomCompressionC4 supported: 0
2025/10/29-23:22:17.889037 31c4 	kCustomCompressionC5 supported: 0
2025/10/29-23:22:17.889044 31c4 	kCustomCompressionC6 supported: 0
2025/10/29-23:22:17.889050 31c4 	kCustomCompressionC7 supported: 0
2025/10/29-23:22:17.889057 31c4 	kCustomCompressionC8 supported: 0
2025/10/29-23:22:17.889063 31c4 	kCustomCompressionC9 supported: 0
2025/10/29-23:22:17.889069 31c4 	kCustomCompressionCA supported: 0
2025/10/29-23:22:17.889075 31c4 	kCustomCompressionCB supported: 0
2025/10/29-23:22:17.889080 31c4 	kCustomCompressionCC supported: 0
2025/10/29-23:22:17.889086 31c4 	kCustomCompressionCD supported: 0
2025/10/29-23:22:17.889093 31c4 	kCustomCompressionCE supported: 0
2025/10/29-23:22:17.889099 31c4 	kCustomCompressionCF supported: 0
2025/10/29-23:22:17.889106 31c4 	kCustomCompressionD0 supported: 0
2025/10/29-23:22:17.889112 31c4 	kCustomCompressionD1 supported: 0
2025/10/29-23:22:17.889118 31c4 	kCustomCompressionD2 supported: 0
2025/10/29-23:22:17.889124 31c4 	kCustomCompressionD3 supported: 0
2025/10/29-23:22:17.889130 31c4 	kCustomCompressionD4 supported: 0
2025/10/29-23:22:17.889135 31c4 	kCustomCompressionD5 supported: 0
2025/10/29-23:22:17.889142 31c4 	kCustomCompressionD6 supported: 0
2025/10/29-23:22:17.889149 31c4 	kCustomCompressionD7 supported: 0
2025/10/29-23:22:17.889155 31c4 	kCustomCompressionD8 supported: 0
2025/10/29-23:22:17.889161 31c4 	kCustomCompressionD9 supported: 0
2025/10/29-23:22:17.889167 31c4 	kCustomCompressionDA supported: 0
2025/10/29-23:22:17.889172 31c4 	kCustomCompressionDB supported: 0
2025/10/29-23:22:17.889178 31c4 	kCustomCompressionDC supported: 0
2025/10/29-23:22:17.889184 31c4 	kCustomCompressionDD supported: 0
2025/10/29-23:22:17.889191 31c4 	kCustomCompressionDE supported: 0
2025/10/29-23:22:17.889198 31c4 	kCustomCompressionDF supported: 0
2025/10/29-23:22:17.889204 31c4 	kCustomCompressionE0 supported: 0
2025/10/29-23:22:17.889235 31c4 	kCustomCompressionE1 supported: 0
2025/10/29-23:22:17.889244 31c4 	kCustomCompressionE2 supported: 0
2025/10/29-23:22:17.889250 31c4 	kCustomCompressionE3 supported: 0
2025/10/29-23:22:17.889256 31c4 	kCustomCompressionE4 supported: 0
2025/10/29-23:22:17.889263 31c4 	kCustomCompressionE5 supported: 0
2025/10/29-23:22:17.889270 31c4 	kCustomCompressionE6 supported: 0
2025/10/29-23:22:17.889276 31c4 	kCustomCompressionE7 supported: 0
2025/10/29-23:22:17.889282 31c4 	kCustomCompressionE8 supported: 0
2025/10/29-23:22:17.889288 31c4 	kCustomCompressionE9 supported: 0
2025/10/29-23:22:17.889294 31c4 	kCustomCompressionEA supported: 0
2025/10/29-23:22:17.889300 31c4 	kCustomCompressionEB supported: 0
2025/10/29-23:22:17.889305 31c4 	kCustomCompressionEC supported: 0
2025/10/29-23:22:17.889312 31c4 	kCustomCompressionED supported: 0
2025/10/29-23:22:17.889319 31c4 	kCustomCompressionEE supported: 0
2025/10/29-23:22:17.889324 31c4 	kCustomCompressionEF supported: 0
2025/10/29-23:22:17.889330 31c4 	kCustomCompressionF0 supported: 0
2025/10/29-23:22:17.889336 31c4 	kCustomCompressionF1 supported: 0
2025/10/29-23:22:17.889342 31c4 	kCustomCompressionF2 supported: 0
2025/10/29-23:22:17.889348 31c4 	kCustomCompressionF3 supported: 0
2025/10/29-23:22:17.889354 31c4 	kCustomCompressionF4 supported: 0
2025/10/29-23:22:17.889360 31c4 	kCustomCompressionF5 supported: 0
2025/10/29-23:22:17.889367 31c4 	kCustomCompressionF6 supported: 0
2025/10/29-23:22:17.889373 31c4 	kCustomCompressionF7 supported: 0
2025/10/29-23:22:17.889380 31c4 	kCustomCompressionF8 supported: 0
2025/10/29-23:22:17.889385 31c4 	kCustomCompressionF9 supported: 0
2025/10/29-23:22:17.889391 31c4 	kCustomCompressionFA supported: 0
2025/10/29-23:22:17.889397 31c4 	kCustomCompressionFB supported: 0
2025/10/29-23:22:17.889403 31c4 	kCustomCompressionFC supported: 0
2025/10/29-23:22:17.889410 31c4 	kCustomCompressionFD supported: 0
2025/10/29-23:22:17.889416 31c4 	kCustomCompressionFE supported: 0
2025/10/29-23:22:17.889426 31c4 Fast CRC32 supported: Not supported on x86
2025/10/29-23:22:17.889433 31c4 DMutex implementation: std::mutex
2025/10/29-23:22:17.889439 31c4 Jemalloc supported: 0
2025/10/29-23:22:17.890319 31c4 [db\version_set.cc:6116] Recovering from manifest file: C:\VCC\themis\data\themis_server/MANIFEST-001551
2025/10/29-23:22:17.891440 31c4 [db\column_family.cc:692] --------------- Options for column family [default]:
2025/10/29-23:22:17.891460 31c4               Options.comparator: leveldb.BytewiseComparator
2025/10/29-23:22:17.891469 31c4           Options.merge_operator: None
2025/10/29-23:22:17.891476 31c4        Options.compaction_filter: None
2025/10/29-23:22:17.891482 31c4        Options.compaction_filter_factory: None
2025/10/29-23:22:17.891488 31c4  Options.sst_partitioner_factory: None
2025/10/29-23:22:17.891494 31c4         Options.memtable_factory: SkipListFactory
2025/10/29-23:22:17.891500 31c4            Options.table_factory: BlockBasedTable
2025/10/29-23:22:17.891532 31c4            table_factory options:   flush_block_policy_factory: FlushBlockBySizePolicyFactory (00000293EC314EE0)
  cache_index_and_filter_blocks: 1
  cache_index_and_filter_blocks_with_high_priority: 1
  pin_l0_filter_and_index_blocks_in_cache: 1
  pin_top_level_index_and_filter: 1
  index_type: 0
  data_block_index_type: 0
  index_shortening: 1
  data_block_hash_table_util_ratio: 0.750000
  checksum: 4
  no_block_cache: 0
  block_cache: 00000293EC29FE30
  block_cache_name: LRUCache
  block_cache_options:
    capacity : 1073741824
    num_shard_bits : 6
    strict_capacity_limit : 0
    memory_allocator : None
    high_pri_pool_ratio: 0.500
    low_pri_pool_ratio: 0.000
  persistent_cache: 0000000000000000
  block_size: 4096
  block_size_deviation: 10
  block_restart_interval: 16
  index_block_restart_interval: 1
  metadata_block_size: 4096
  partition_filters: 0
  use_delta_encoding: 1
  filter_policy: bloomfilter
  whole_key_filtering: 1
  verify_compression: 0
  read_amp_bytes_per_bit: 0
  format_version: 6
  enable_index_compression: 1
  block_align: 0
  max_auto_readahead_size: 262144
  prepopulate_block_cache: 0
  initial_auto_readahead_size: 8192
  num_file_reads_for_auto_readahead: 2
2025/10/29-23:22:17.891543 31c4        Options.write_buffer_size: 268435456
2025/10/29-23:22:17.891552 31c4  Options.max_write_buffer_number: 3
2025/10/29-23:22:17.891558 31c4          Options.compression: LZ4
2025/10/29-23:22:17.891564 31c4                  Options.bottommost_compression: ZSTD
2025/10/29-23:22:17.891571 31c4       Options.prefix_extractor: nullptr
2025/10/29-23:22:17.891577 31c4   Options.memtable_insert_with_hint_prefix_extractor: nullptr
2025/10/29-23:22:17.891584 31c4             Options.num_levels: 7
2025/10/29-23:22:17.891590 31c4        Options.min_write_buffer_number_to_merge: 1
2025/10/29-23:22:17.891596 31c4     Options.max_write_buffer_size_to_maintain: 805306368
2025/10/29-23:22:17.891602 31c4            Options.bottommost_compression_opts.window_bits: -14
2025/10/29-23:22:17.891608 31c4                  Options.bottommost_compression_opts.level: 32767
2025/10/29-23:22:17.891614 31c4               Options.bottommost_compression_opts.strategy: 0
2025/10/29-23:22:17.891620 31c4         Options.bottommost_compression_opts.max_dict_bytes: 0
2025/10/29-23:22:17.891627 31c4         Options.bottommost_compression_opts.zstd_max_train_bytes: 0
2025/10/29-23:22:17.891634 31c4         Options.bottommost_compression_opts.parallel_threads: 1
2025/10/29-23:22:17.891640 31c4                  Options.bottommost_compression_opts.enabled: false
2025/10/29-23:22:17.891646 31c4         Options.bottommost_compression_opts.max_dict_buffer_bytes: 0
2025/10/29-23:22:17.891652 31c4         Options.bottommost_compression_opts.use_zstd_dict_trainer: true
2025/10/29-23:22:17.891658 31c4            Options.compression_opts.window_bits: -14
2025/10/29-23:22:17.891664 31c4                  Options.compression_opts.level: 32767
2025/10/29-23:22:17.891670 31c4               Options.compression_opts.strategy: 0
2025/10/29-23:22:17.891677 31c4         Options.compression_opts.max_dict_bytes: 0
2025/10/29-23:22:17.891683 31c4         Options.compression_opts.zstd_max_train_bytes: 0
2025/10/29-23:22:17.891689 31c4         Options.compression_opts.use_zstd_dict_trainer: true
2025/10/29-23:22:17.891695 31c4         Options.compression_opts.parallel_threads: 1
2025/10/29-23:22:17.891701 31c4                  Options.compression_opts.enabled: false
2025/10/29-23:22:17.891707 31c4         Options.compression_opts.max_dict_buffer_bytes: 0
2025/10/29-23:22:17.891713 31c4      Options.level0_file_num_compaction_trigger: 4
2025/10/29-23:22:17.891719 31c4          Options.level0_slowdown_writes_trigger: 20
2025/10/29-23:22:17.891726 31c4              Options.level0_stop_writes_trigger: 36
2025/10/29-23:22:17.891732 31c4                   Options.target_file_size_base: 67108864
2025/10/29-23:22:17.891739 31c4             Options.target_file_size_multiplier: 1
2025/10/29-23:22:17.891744 31c4                Options.max_bytes_for_level_base: 268435456
2025/10/29-23:22:17.891750 31c4 Options.level_compaction_dynamic_level_bytes: 1
2025/10/29-23:22:17.891756 31c4          Options.max_bytes_for_level_multiplier: 10.000000
2025/10/29-23:22:17.891763 31c4 Options.max_bytes_for_level_multiplier_addtl[0]: 1
2025/10/29-23:22:17.891769 31c4 Options.max_bytes_for_level_multiplier_addtl[1]: 1
2025/10/29-23:22:17.891776 31c4 Options.max_bytes_for_level_multiplier_addtl[2]: 1
2025/10/29-23:22:17.891782 31c4 Options.max_bytes_for_level_multiplier_addtl[3]: 1
2025/10/29-23:22:17.891788 31c4 Options.max_bytes_for_level_multiplier_addtl[4]: 1
2025/10/29-23:22:17.891794 31c4 Options.max_bytes_for_level_multiplier_addtl[5]: 1
2025/10/29-23:22:17.891800 31c4 Options.max_bytes_for_level_multiplier_addtl[6]: 1
2025/10/29-23:22:17.891806 31c4       Options.max_sequential_skip_in_iterations: 8
2025/10/29-23:22:17.891812 31c4          Options.memtable_op_scan_flush_trigger: 0
2025/10/29-23:22:17.891819 31c4      Options.memtable_avg_op_scan_flush_trigger: 0
2025/10/29-23:22:17.891826 31c4                    Options.max_compaction_bytes: 1677721600
2025/10/29-23:22:17.891833 31c4                        Options.arena_block_size: 1048576
2025/10/29-23:22:17.891840 31c4   Options.soft_pending_compaction_bytes_limit: 68719476736
2025/10/29-23:22:17.891846 31c4   Options.hard_pending_compaction_bytes_limit: 274877906944
2025/10/29-23:22:17.891852 31c4                Options.disable_auto_compactions: 1
2025/10/29-23:22:17.891861 31c4                        Options.compaction_style: kCompactionStyleLevel
2025/10/29-23:22:17.891870 31c4                          Options.compaction_pri: kMinOverlappingRatio
2025/10/29-23:22:17.891877 31c4 Options.compaction_options_universal.size_ratio: 1
2025/10/29-23:22:17.891883 31c4 Options.compaction_options_universal.min_merge_width: 2
2025/10/29-23:22:17.891889 31c4 Options.compaction_options_universal.max_merge_width: 4294967295
2025/10/29-23:22:17.891894 31c4 Options.compaction_options_universal.max_size_amplification_percent: 200
2025/10/29-23:22:17.891900 31c4 Options.compaction_options_universal.compression_size_percent: -1
2025/10/29-23:22:17.891907 31c4 Options.compaction_options_universal.stop_style: kCompactionStopStyleTotalSize
2025/10/29-23:22:17.891913 31c4 Options.compaction_options_universal.max_read_amp: -1
2025/10/29-23:22:17.891920 31c4 Options.compaction_options_universal.reduce_file_locking: 0
2025/10/29-23:22:17.891927 31c4 Options.compaction_options_fifo.max_table_files_size: 1073741824
2025/10/29-23:22:17.891933 31c4 Options.compaction_options_fifo.allow_compaction: 0
2025/10/29-23:22:17.891942 31c4                   Options.table_properties_collectors: 
2025/10/29-23:22:17.891949 31c4                   Options.inplace_update_support: 0
2025/10/29-23:22:17.891955 31c4                 Options.inplace_update_num_locks: 10000
2025/10/29-23:22:17.891961 31c4               Options.memtable_prefix_bloom_size_ratio: 0.000000
2025/10/29-23:22:17.891967 31c4               Options.memtable_whole_key_filtering: 0
2025/10/29-23:22:17.891973 31c4   Options.memtable_huge_page_size: 0
2025/10/29-23:22:17.891980 31c4                           Options.bloom_locality: 0
2025/10/29-23:22:17.891986 31c4                    Options.max_successive_merges: 0
2025/10/29-23:22:17.891993 31c4             Options.strict_max_successive_merges: 0
2025/10/29-23:22:17.891998 31c4                Options.optimize_filters_for_hits: 0
2025/10/29-23:22:17.892004 31c4                Options.paranoid_file_checks: 0
2025/10/29-23:22:17.892010 31c4                Options.force_consistency_checks: 1
2025/10/29-23:22:17.892016 31c4                Options.report_bg_io_stats: 0
2025/10/29-23:22:17.892022 31c4                Options.disallow_memtable_writes: 0
2025/10/29-23:22:17.892029 31c4                               Options.ttl: 2592000
2025/10/29-23:22:17.892035 31c4          Options.periodic_compaction_seconds: 0
2025/10/29-23:22:17.892041 31c4                        Options.default_temperature: kUnknown
2025/10/29-23:22:17.892047 31c4  Options.preclude_last_level_data_seconds: 0
2025/10/29-23:22:17.892053 31c4    Options.preserve_internal_time_seconds: 0
2025/10/29-23:22:17.892059 31c4                       Options.enable_blob_files: false
2025/10/29-23:22:17.892065 31c4                           Options.min_blob_size: 0
2025/10/29-23:22:17.892072 31c4                          Options.blob_file_size: 268435456
2025/10/29-23:22:17.892078 31c4                   Options.blob_compression_type: NoCompression
2025/10/29-23:22:17.892085 31c4          Options.enable_blob_garbage_collection: false
2025/10/29-23:22:17.892091 31c4      Options.blob_garbage_collection_age_cutoff: 0.250000
2025/10/29-23:22:17.892098 31c4 Options.blob_garbage_collection_force_threshold: 1.000000
2025/10/29-23:22:17.892104 31c4          Options.blob_compaction_readahead_size: 0
2025/10/29-23:22:17.892110 31c4                Options.blob_file_starting_level: 0
2025/10/29-23:22:17.892116 31c4         Options.experimental_mempurge_threshold: 0.000000
2025/10/29-23:22:17.892123 31c4            Options.memtable_max_range_deletions: 0
2025/10/29-23:22:17.893745 31c4 [db\version_set.cc:6174] Recovered from manifest file:C:\VCC\themis\data\themis_server/MANIFEST-001551 succeeded,manifest_file_number is 1551, next_file_number is 1553, last_sequence is 106, log_number is 1545,prev_log_number is 0,max_column_family is 0,min_log_number_to_keep is 0
2025/10/29-23:22:17.893764 31c4 [db\version_set.cc:6183] Column family [default] (ID 0), log number is 1545
2025/10/29-23:22:17.893932 31c4 [db\db_impl\db_impl_open.cc:692] DB ID: 91529813-b413-11f0-8e09-b42e99fe92b3
2025/10/29-23:22:17.895070 31c4 EVENT_LOG_v1 {"time_micros": 1761776537894984, "job": 1, "event": "recovery_started", "wal_files": [4, 10, 16, 22, 28, 34, 40, 46, 52, 58, 64, 70, 76, 82, 88, 94, 100, 106, 113, 120, 126, 133, 139, 145, 151, 157, 163, 169, 175, 181, 187, 193, 200, 208, 214, 221, 229, 235, 241, 247, 253, 259, 265, 271, 277, 283, 290, 297, 306, 313, 320, 326, 332, 338, 344, 350, 356, 362, 368, 374, 381, 388, 397, 404, 411, 417, 423, 429, 435, 441, 447, 453, 459, 465, 472, 482, 491, 498, 504, 510, 516, 522, 528, 534, 540, 546, 552, 558, 565, 572, 578, 585, 592, 598, 604, 610, 616, 622, 628, 634, 640, 646, 653, 663, 669, 676, 683, 689, 695, 701, 707, 713, 719, 725, 731, 737, 744, 751, 759, 766, 773, 779, 785, 791, 797, 803, 809, 815, 821, 827, 834, 844, 852, 859, 865, 871, 877, 883, 889, 895, 901, 907, 913, 919, 926, 933, 939, 946, 953, 959, 965, 971, 977, 983, 989, 995, 1001, 1007, 1014, 1023, 1029, 1036, 1043, 1049, 1055, 1061, 1067, 1073, 1079, 1085, 1091, 1097, 1104, 1111, 1119, 1126, 1133, 1139, 1145, 1151, 1157, 1163, 1169, 1175, 1181, 1187, 1193, 1200, 1209, 1217, 1224, 1230, 1236, 1242, 1248, 1254, 1260, 1266, 1272, 1278, 1284, 1291, 1298, 1304, 1311, 1318, 1324, 1330, 1336, 1342, 1348, 1354, 1360, 1366, 1372, 1379, 1388, 1394, 1401, 1408, 1414, 1420, 1426, 1432, 1438, 1444, 1450, 1456, 1462, 1469, 1476, 1484, 1491, 1498, 1504, 1510, 1516, 1523, 1532, 1538, 1544, 1550]}
2025/10/29-23:22:17.895093 31c4 [db\db_impl\db_impl_open.cc:1379] Recovering log #4 mode 2
2025/10/29-23:22:17.895183 31c4 [db\db_impl\db_impl_open.cc:1353] Recovered to log #4 next seq #72057594037927935
2025/10/29-23:22:17.895252 31c4 [db\db_impl\db_impl_open.cc:1379] Recovering log #10 mode 2
2025/10/29-23:22:17.895320 31c4 [db\db_impl\db_impl_open.cc:1353] Recovered to log #10 next seq #72057594037927935
2025/10/29-23:22:17.895382 31c4 [db\db_impl\db_impl_open.cc:1379] Recovering log #16 mode 2
2025/10/29-23:22:17.895446 31c4 [db\db_impl\db_impl_open.cc:1353] Recovered to log #16 next seq #72057594037927935
2025/10/29-23:22:17.895507 31c4 [db\db_impl\db_impl_open.cc:1379] Recovering log #22 mode 2
2025/10/29-23:22:17.895569 31c4 [db\db_impl\db_impl_open.cc:1353] Recovered to log #22 next seq #72057594037927935
2025/10/29-23:22:17.895629 31c4 [db\db_impl\db_impl_open.cc:1379] Recovering log #28 mode 2
2025/10/29-23:22:17.895691 31c4 [db\db_impl\db_impl_open.cc:1353] Recovered to log #28 next seq #72057594037927935
2025/10/29-23:22:17.895750 31c4 [db\db_impl\db_impl_open.cc:1379] Recovering log #34 mode 2
2025/10/29-23:22:17.895811 31c4 [db\db_impl\db_impl_open.cc:1353] Recovered to log #34 next seq #72057594037927935
2025/10/29-23:22:17.895877 31c4 [db\db_impl\db_impl_open.cc:1379] Recovering log #40 mode 2
2025/10/29-23:22:17.895939 31c4 [db\db_impl\db_impl_open.cc:1353] Recovered to log #40 next seq #72057594037927935
2025/10/29-23:22:17.895998 31c4 [db\db_impl\db_impl_open.cc:1379] Recovering log #46 mode 2
2025/10/29-23:22:17.896059 31c4 [db\db_impl\db_impl_open.cc:1353] Recovered to log #46 next seq #72057594037927935
2025/10/29-23:22:17.896119 31c4 [db\db_impl\db_impl_open.cc:1379] Recovering log #52 mode 2
2025/10/29-23:22:17.896180 31c4 [db\db_impl\db_impl_open.cc:1353] Recovered to log #52 next seq #72057594037927935
2025/10/29-23:22:17.896239 31c4 [db\db_impl\db_impl_open.cc:1379] Recovering log #58 mode 2
2025/10/29-23:22:17.896299 31c4 [db\db_impl\db_impl_open.cc:1353] Recovered to log #58 next seq #72057594037927935
2025/10/29-23:22:17.896358 31c4 [db\db_impl\db_impl_open.cc:1379] Recovering log #64 mode 2
2025/10/29-23:22:17.896418 31c4 [db\db_impl\db_impl_open.cc:1353] Recovered to log #64 next seq #72057594037927935
2025/10/29-23:22:17.896480 31c4 [db\db_impl\db_impl_open.cc:1379] Recovering log #70 mode 2
2025/10/29-23:22:17.896542 31c4 [db\db_impl\db_impl_open.cc:1353] Recovered to log #70 next seq #72057594037927935
2025/10/29-23:22:17.896601 31c4 [db\db_impl\db_impl_open.cc:1379] Recovering log #76 mode 2
2025/10/29-23:22:17.896660 31c4 [db\db_impl\db_impl_open.cc:1353] Recovered to log #76 next seq #72057594037927935
2025/10/29-23:22:17.896719 31c4 [db\db_impl\db_impl_open.cc:1379] Recovering log #82 mode 2
2025/10/29-23:22:17.896779 31c4 [db\db_impl\db_impl_open.cc:1353] Recovered to log #82 next seq #72057594037927935
2025/10/29-23:22:17.896838 31c4 [db\db_impl\db_impl_open.cc:1379] Recovering log #88 mode 2
2025/10/29-23:22:17.896899 31c4 [db\db_impl\db_impl_open.cc:1353] Recovered to log #88 next seq #72057594037927935
2025/10/29-23:22:17.896956 31c4 [db\db_impl\db_impl_open.cc:1379] Recovering log #94 mode 2
2025/10/29-23:22:17.897018 31c4 [db\db_impl\db_impl_open.cc:1353] Recovered to log #94 next seq #72057594037927935
2025/10/29-23:22:17.897076 31c4 [db\db_impl\db_impl_open.cc:1379] Recovering log #100 mode 2
2025/10/29-23:22:17.897139 31c4 [db\db_impl\db_impl_open.cc:1353] Recovered to log #100 next seq #72057594037927935
2025/10/29-23:22:17.897197 31c4 [db\db_impl\db_impl_open.cc:1379] Recovering log #106 mode 2
2025/10/29-23:22:17.897300 31c4 [db\db_impl\db_impl_open.cc:1353] Recovered to log #106 next seq #2
2025/10/29-23:22:17.897362 31c4 [db\db_impl\db_impl_open.cc:1379] Recovering log #113 mode 2
2025/10/29-23:22:17.897447 31c4 [db\db_impl\db_impl_open.cc:1353] Recovered to log #113 next seq #4
2025/10/29-23:22:17.897506 31c4 [db\db_impl\db_impl_open.cc:1379] Recovering log #120 mode 2
2025/10/29-23:22:17.897567 31c4 [db\db_impl\db_impl_open.cc:1353] Recovered to log #120 next seq #4
2025/10/29-23:22:17.897626 31c4 [db\db_impl\db_impl_open.cc:1379] Recovering log #126 mode 2
2025/10/29-23:22:17.897712 31c4 [db\db_impl\db_impl_open.cc:1353] Recovered to log #126 next seq #6
2025/10/29-23:22:17.897771 31c4 [db\db_impl\db_impl_open.cc:1379] Recovering log #133 mode 2
2025/10/29-23:22:17.897839 31c4 [db\db_impl\db_impl_open.cc:1353] Recovered to log #133 next seq #6
2025/10/29-23:22:17.897899 31c4 [db\db_impl\db_impl_open.cc:1379] Recovering log #139 mode 2
2025/10/29-23:22:17.897960 31c4 [db\db_impl\db_impl_open.cc:1353] Recovered to log #139 next seq #6
2025/10/29-23:22:17.898021 31c4 [db\db_impl\db_impl_open.cc:1379] Recovering log #145 mode 2
2025/10/29-23:22:17.898081 31c4 [db\db_impl\db_impl_open.cc:1353] Recovered to log #145 next seq #6
2025/10/29-23:22:17.898140 31c4 [db\db_impl\db_impl_open.cc:1379] Recovering log #151 mode 2
2025/10/29-23:22:17.898201 31c4 [db\db_impl\db_impl_open.cc:1353] Recovered to log #151 next seq #6
2025/10/29-23:22:17.898259 31c4 [db\db_impl\db_impl_open.cc:1379] Recovering log #157 mode 2
2025/10/29-23:22:17.898320 31c4 [db\db_impl\db_impl_open.cc:1353] Recovered to log #157 next seq #6
