2025/10/31-20:09:39.214052 50dc RocksDB version: 10.4.2
2025/10/31-20:09:39.214194 50dc Git sha 0
2025/10/31-20:09:39.214274 50dc Compile date 2025-10-27 15:09:02
2025/10/31-20:09:39.214306 50dc DB SUMMARY
2025/10/31-20:09:39.214337 50dc Host name (Env):  DESKTOP-712S8LO
2025/10/31-20:09:39.214363 50dc DB Session ID:  NBUITXSPTXZDU9DUL8IO
2025/10/31-20:09:39.232065 50dc CURRENT file:  CURRENT
2025/10/31-20:09:39.232122 50dc IDENTITY file:  IDENTITY
2025/10/31-20:09:39.232193 50dc MANIFEST file:  MANIFEST-002670 size: 516 Bytes
2025/10/31-20:09:39.232216 50dc SST files in C:\VCC\themis\data\themis_server dir, Total Num: 3, files: 002586.sst 002655.sst 002662.sst 
2025/10/31-20:09:39.232238 50dc Write Ahead Log file in C:\VCC\themis\data\themis_server: 000004.log size: 0 ; 000010.log size: 0 ; 000016.log size: 0 ; 000022.log size: 0 ; 000028.log size: 0 ; 000034.log size: 0 ; 000040.log size: 0 ; 000046.log size: 0 ; 000052.log size: 0 ; 000058.log size: 0 ; 000064.log size: 0 ; 000070.log size: 0 ; 000076.log size: 0 ; 000082.log size: 0 ; 000088.log size: 0 ; 000094.log size: 0 ; 000100.log size: 0 ; 000106.log size: 42 ; 000113.log size: 90 ; 000120.log size: 0 ; 000126.log size: 86 ; 000133.log size: 0 ; 000139.log size: 0 ; 000145.log size: 0 ; 000151.log size: 0 ; 000157.log size: 0 ; 000163.log size: 0 ; 000169.log size: 0 ; 000175.log size: 0 ; 000181.log size: 0 ; 000187.log size: 0 ; 000193.log size: 42 ; 000200.log size: 90 ; 000208.log size: 0 ; 000214.log size: 86 ; 000221.log size: 0 ; 000229.log size: 0 ; 000235.log size: 0 ; 000241.log size: 0 ; 000247.log size: 0 ; 000253.log size: 0 ; 000259.log size: 0 ; 000265.log size: 0 ; 000271.log size: 0 ; 000277.log size: 0 ; 000283.log size: 42 ; 000290.log size: 90 ; 000297.log size: 0 ; 000306.log size: 86 ; 000313.log size: 0 ; 000320.log size: 0 ; 000326.log size: 0 ; 000332.log size: 0 ; 000338.log size: 0 ; 000344.log size: 0 ; 000350.log size: 0 ; 000356.log size: 0 ; 000362.log size: 0 ; 000368.log size: 0 ; 000374.log size: 42 ; 000381.log size: 90 ; 000388.log size: 0 ; 000397.log size: 86 ; 000404.log size: 0 ; 000411.log size: 0 ; 000417.log size: 0 ; 000423.log size: 0 ; 000429.log size: 0 ; 000435.log size: 0 ; 000441.log size: 0 ; 000447.log size: 0 ; 000453.log size: 0 ; 000459.log size: 0 ; 000465.log size: 42 ; 000472.log size: 90 ; 000482.log size: 0 ; 000491.log size: 86 ; 000498.log size: 0 ; 000504.log size: 0 ; 000510.log size: 0 ; 000516.log size: 0 ; 000522.log size: 0 ; 000528.log size: 0 ; 000534.log size: 0 ; 000540.log size: 0 ; 000546.log size: 0 ; 000552.log size: 0 ; 000558.log size: 42 ; 000565.log size: 90 ; 000572.log size: 0 ; 000578.log size: 86 ; 000585.log size: 0 ; 000592.log size: 0 ; 000598.log size: 0 ; 000604.log size: 0 ; 000610.log size: 0 ; 000616.log size: 0 ; 000622.log size: 0 ; 000628.log size: 0 ; 000634.log size: 0 ; 000640.log size: 0 ; 000646.log size: 42 ; 000653.log size: 90 ; 000663.log size: 0 ; 000669.log size: 86 ; 000676.log size: 0 ; 000683.log size: 0 ; 000689.log size: 0 ; 000695.log size: 0 ; 000701.log size: 0 ; 000707.log size: 0 ; 000713.log size: 0 ; 000719.log size: 0 ; 000725.log size: 0 ; 000731.log size: 0 ; 000737.log size: 42 ; 000744.log size: 90 ; 000751.log size: 0 ; 000759.log size: 86 ; 000766.log size: 0 ; 000773.log size: 0 ; 000779.log size: 0 ; 000785.log size: 0 ; 000791.log size: 0 ; 000797.log size: 0 ; 000803.log size: 0 ; 000809.log size: 0 ; 000815.log size: 0 ; 000821.log size: 0 ; 000827.log size: 42 ; 000834.log size: 90 ; 000844.log size: 0 ; 000852.log size: 86 ; 000859.log size: 0 ; 000865.log size: 0 ; 000871.log size: 0 ; 000877.log size: 0 ; 000883.log size: 0 ; 000889.log size: 0 ; 000895.log size: 0 ; 000901.log size: 0 ; 000907.log size: 0 ; 000913.log size: 0 ; 000919.log size: 42 ; 000926.log size: 90 ; 000933.log size: 0 ; 000939.log size: 86 ; 000946.log size: 0 ; 000953.log size: 0 ; 000959.log size: 0 ; 000965.log size: 0 ; 000971.log size: 0 ; 000977.log size: 0 ; 000983.log size: 0 ; 000989.log size: 0 ; 000995.log size: 0 ; 001001.log size: 0 ; 001007.log size: 42 ; 001014.log size: 90 ; 001023.log size: 0 ; 001029.log size: 86 ; 001036.log size: 0 ; 001043.log size: 0 ; 001049.log size: 0 ; 001055.log size: 0 ; 001061.log size: 0 ; 001067.log size: 0 ; 001073.log size: 0 ; 001079.log size: 0 ; 001085.log size: 0 ; 001091.log size: 0 ; 001097.log size: 42 ; 001104.log size: 90 ; 001111.log size: 0 ; 001119.log size: 86 ; 001126.log size: 0 ; 001133.log size: 0 ; 001139.log size: 0 ; 001145.log size: 0 ; 001151.log size: 0 ; 001157.log size: 0 ; 001163.log size: 0 ; 001169.log size: 0 ; 001175.log size: 0 ; 001181.log size: 0 ; 001187.log size: 0 ; 001193.log size: 42 ; 001200.log size: 90 ; 001209.log size: 0 ; 001217.log size: 86 ; 001224.log size: 0 ; 001230.log size: 0 ; 001236.log size: 0 ; 001242.log size: 0 ; 001248.log size: 0 ; 001254.log size: 0 ; 001260.log size: 0 ; 001266.log size: 0 ; 001272.log size: 0 ; 001278.log size: 0 ; 001284.log size: 42 ; 001291.log size: 90 ; 001298.log size: 0 ; 001304.log size: 86 ; 001311.log size: 0 ; 001318.log size: 0 ; 001324.log size: 0 ; 001330.log size: 0 ; 001336.log size: 0 ; 001342.log size: 0 ; 001348.log size: 0 ; 001354.log size: 0 ; 001360.log size: 0 ; 001366.log size: 0 ; 001372.log size: 42 ; 001379.log size: 90 ; 001388.log size: 0 ; 001394.log size: 86 ; 001401.log size: 0 ; 001408.log size: 0 ; 001414.log size: 0 ; 001420.log size: 0 ; 001426.log size: 0 ; 001432.log size: 0 ; 001438.log size: 0 ; 001444.log size: 0 ; 001450.log size: 0 ; 001456.log size: 0 ; 001462.log size: 42 ; 001469.log size: 90 ; 001476.log size: 0 ; 001484.log size: 86 ; 001491.log size: 0 ; 001498.log size: 0 ; 001504.log size: 0 ; 001510.log size: 0 ; 001516.log size: 244 ; 001523.log size: 876 ; 001532.log size: 0 ; 001538.log size: 0 ; 001544.log size: 0 ; 001550.log size: 0 ; 001556.log size: 0 ; 001562.log size: 0 ; 001568.log size: 0 ; 001574.log size: 0 ; 001580.log size: 0 ; 001586.log size: 0 ; 001592.log size: 0 ; 001598.log size: 0 ; 001604.log size: 0 ; 001610.log size: 0 ; 001616.log size: 0 ; 001622.log size: 0 ; 001628.log size: 0 ; 001634.log size: 0 ; 001640.log size: 0 ; 001646.log size: 0 ; 001652.log size: 0 ; 001658.log size: 0 ; 001664.log size: 0 ; 001670.log size: 0 ; 001676.log size: 42 ; 001683.log size: 90 ; 001690.log size: 0 ; 001696.log size: 86 ; 001703.log size: 0 ; 001711.log size: 0 ; 001717.log size: 0 ; 001723.log size: 0 ; 001729.log size: 0 ; 001735.log size: 0 ; 001741.log size: 0 ; 001747.log size: 0 ; 001753.log size: 0 ; 001759.log size: 0 ; 001765.log size: 0 ; 001771.log size: 42 ; 001778.log size: 90 ; 001785.log size: 0 ; 001791.log size: 86 ; 001798.log size: 0 ; 001804.log size: 0 ; 001810.log size: 0 ; 001816.log size: 0 ; 001822.log size: 0 ; 001828.log size: 0 ; 001834.log size: 0 ; 001840.log size: 0 ; 001846.log size: 0 ; 001852.log size: 0 ; 001858.log size: 0 ; 001864.log size: 0 ; 001870.log size: 0 ; 001876.log size: 0 ; 001882.log size: 0 ; 001888.log size: 0 ; 001894.log size: 0 ; 001900.log size: 0 ; 001906.log size: 0 ; 001912.log size: 42 ; 001919.log size: 90 ; 001929.log size: 0 ; 001935.log size: 86 ; 001942.log size: 0 ; 001948.log size: 0 ; 001954.log size: 0 ; 001960.log size: 0 ; 001966.log size: 0 ; 001972.log size: 0 ; 001978.log size: 0 ; 001984.log size: 167 ; 001991.log size: 0 ; 001997.log size: 0 ; 002003.log size: 0 ; 002009.log size: 0 ; 002015.log size: 0 ; 002021.log size: 0 ; 002027.log size: 42 ; 002034.log size: 90 ; 002043.log size: 0 ; 002051.log size: 86 ; 002058.log size: 0 ; 002064.log size: 0 ; 002070.log size: 0 ; 002076.log size: 0 ; 002082.log size: 0 ; 002088.log size: 0 ; 002094.log size: 0 ; 002100.log size: 839 ; 002107.log size: 1133 ; 002114.log size: 775 ; 002121.log size: 0 ; 002129.log size: 0 ; 002135.log size: 0 ; 002141.log size: 0 ; 002147.log size: 0 ; 002153.log size: 0 ; 002159.log size: 0 ; 002165.log size: 448 ; 002172.log size: 0 ; 002178.log size: 0 ; 002184.log size: 0 ; 002190.log size: 0 ; 002196.log size: 3322 ; 002203.log size: 0 ; 002209.log size: 0 ; 002215.log size: 0 ; 002221.log size: 0 ; 002227.log size: 0 ; 002233.log size: 0 ; 002239.log size: 0 ; 002245.log size: 42 ; 002252.log size: 90 ; 002259.log size: 0 ; 002267.log size: 86 ; 002274.log size: 0 ; 002282.log size: 0 ; 002288.log size: 0 ; 002294.log size: 0 ; 002300.log size: 1338 ; 002307.log size: 1445 ; 002314.log size: 2001 ; 002321.log size: 0 ; 002327.log size: 0 ; 002333.log size: 0 ; 002339.log size: 0 ; 002345.log size: 0 ; 002351.log size: 0 ; 002357.log size: 0 ; 002363.log size: 42 ; 002370.log size: 90 ; 002380.log size: 0 ; 002386.log size: 86 ; 002393.log size: 0 ; 002399.log size: 0 ; 002405.log size: 0 ; 002411.log size: 0 ; 002417.log size: 0 ; 002423.log size: 0 ; 002429.log size: 0 ; 002435.log size: 0 ; 002441.log size: 0 ; 002447.log size: 0 ; 002453.log size: 0 ; 002459.log size: 42 ; 002466.log size: 90 ; 002473.log size: 0 ; 002481.log size: 86 ; 002488.log size: 0 ; 002494.log size: 0 ; 002500.log size: 0 ; 002506.log size: 0 ; 002512.log size: 0 ; 002518.log size: 0 ; 002524.log size: 0 ; 002530.log size: 0 ; 002536.log size: 0 ; 002542.log size: 0 ; 002548.log size: 0 ; 002554.log size: 42 ; 002561.log size: 90 ; 002568.log size: 0 ; 002574.log size: 86 ; 002581.log size: 0 ; 002589.log size: 0 ; 002595.log size: 0 ; 002601.log size: 0 ; 002607.log size: 0 ; 002613.log size: 0 ; 002619.log size: 0 ; 002625.log size: 0 ; 002631.log size: 0 ; 002637.log size: 0 ; 002643.log size: 0 ; 002649.log size: 42 ; 002656.log size: 90 ; 002663.log size: 0 ; 002669.log size: 86 ; 
2025/10/31-20:09:39.234085 50dc                         Options.error_if_exists: 0
2025/10/31-20:09:39.234100 50dc                       Options.create_if_missing: 1
2025/10/31-20:09:39.234107 50dc                         Options.paranoid_checks: 1
2025/10/31-20:09:39.234113 50dc             Options.flush_verify_memtable_count: 1
2025/10/31-20:09:39.234118 50dc          Options.compaction_verify_record_count: 1
2025/10/31-20:09:39.234124 50dc                               Options.track_and_verify_wals_in_manifest: 0
2025/10/31-20:09:39.234130 50dc                               Options.track_and_verify_wals: 0
2025/10/31-20:09:39.234137 50dc        Options.verify_sst_unique_id_in_manifest: 1
2025/10/31-20:09:39.234143 50dc                                     Options.env: 0000027F4C81C140
2025/10/31-20:09:39.234149 50dc                                      Options.fs: WinFS
2025/10/31-20:09:39.234155 50dc                                Options.info_log: 0000027F4C819650
2025/10/31-20:09:39.234161 50dc                Options.max_file_opening_threads: 16
2025/10/31-20:09:39.234167 50dc                              Options.statistics: 0000027F4C774E20
2025/10/31-20:09:39.234172 50dc                              Options.statistics stats level: 1
2025/10/31-20:09:39.234178 50dc                               Options.use_fsync: 0
2025/10/31-20:09:39.234185 50dc                       Options.max_log_file_size: 0
2025/10/31-20:09:39.234191 50dc                  Options.max_manifest_file_size: 1073741824
2025/10/31-20:09:39.234198 50dc                   Options.log_file_time_to_roll: 0
2025/10/31-20:09:39.234203 50dc                       Options.keep_log_file_num: 1000
2025/10/31-20:09:39.234209 50dc                    Options.recycle_log_file_num: 0
2025/10/31-20:09:39.234215 50dc                         Options.allow_fallocate: 1
2025/10/31-20:09:39.234221 50dc                        Options.allow_mmap_reads: 0
2025/10/31-20:09:39.234227 50dc                       Options.allow_mmap_writes: 0
2025/10/31-20:09:39.234259 50dc                        Options.use_direct_reads: 0
2025/10/31-20:09:39.234265 50dc                        Options.use_direct_io_for_flush_and_compaction: 0
2025/10/31-20:09:39.234272 50dc          Options.create_missing_column_families: 0
2025/10/31-20:09:39.234278 50dc                              Options.db_log_dir: 
2025/10/31-20:09:39.234284 50dc                                 Options.wal_dir: 
2025/10/31-20:09:39.234290 50dc                Options.table_cache_numshardbits: 6
2025/10/31-20:09:39.234296 50dc                         Options.WAL_ttl_seconds: 0
2025/10/31-20:09:39.234302 50dc                       Options.WAL_size_limit_MB: 0
2025/10/31-20:09:39.234352 50dc                        Options.max_write_batch_group_size_bytes: 1048576
2025/10/31-20:09:39.234361 50dc             Options.manifest_preallocation_size: 4194304
2025/10/31-20:09:39.234367 50dc                     Options.is_fd_close_on_exec: 1
2025/10/31-20:09:39.234373 50dc                   Options.advise_random_on_open: 1
2025/10/31-20:09:39.234379 50dc                    Options.db_write_buffer_size: 0
2025/10/31-20:09:39.234385 50dc                    Options.write_buffer_manager: 0000027F4C81BE70
2025/10/31-20:09:39.234391 50dc                      Options.use_adaptive_mutex: 0
2025/10/31-20:09:39.234396 50dc                            Options.rate_limiter: 0000000000000000
2025/10/31-20:09:39.234407 50dc     Options.sst_file_manager.rate_bytes_per_sec: 0
2025/10/31-20:09:39.234414 50dc                       Options.wal_recovery_mode: 2
2025/10/31-20:09:39.234420 50dc                  Options.enable_thread_tracking: 0
2025/10/31-20:09:39.234426 50dc                  Options.enable_pipelined_write: 0
2025/10/31-20:09:39.234432 50dc                  Options.unordered_write: 0
2025/10/31-20:09:39.234438 50dc         Options.allow_concurrent_memtable_write: 1
2025/10/31-20:09:39.234444 50dc      Options.enable_write_thread_adaptive_yield: 1
2025/10/31-20:09:39.234450 50dc             Options.write_thread_max_yield_usec: 100
2025/10/31-20:09:39.234457 50dc            Options.write_thread_slow_yield_usec: 3
2025/10/31-20:09:39.234463 50dc                               Options.row_cache: None
2025/10/31-20:09:39.234469 50dc                              Options.wal_filter: None
2025/10/31-20:09:39.234474 50dc             Options.avoid_flush_during_recovery: 0
2025/10/31-20:09:39.234480 50dc             Options.allow_ingest_behind: 0
2025/10/31-20:09:39.234486 50dc             Options.two_write_queues: 0
2025/10/31-20:09:39.234491 50dc             Options.manual_wal_flush: 0
2025/10/31-20:09:39.234498 50dc             Options.wal_compression: 0
2025/10/31-20:09:39.234504 50dc             Options.background_close_inactive_wals: 0
2025/10/31-20:09:39.234510 50dc             Options.atomic_flush: 0
2025/10/31-20:09:39.234516 50dc             Options.avoid_unnecessary_blocking_io: 0
2025/10/31-20:09:39.234521 50dc             Options.prefix_seek_opt_in_only: 0
2025/10/31-20:09:39.234527 50dc                 Options.persist_stats_to_disk: 0
2025/10/31-20:09:39.234533 50dc                 Options.write_dbid_to_manifest: 1
2025/10/31-20:09:39.234539 50dc                 Options.write_identity_file: 1
2025/10/31-20:09:39.234545 50dc                 Options.log_readahead_size: 0
2025/10/31-20:09:39.234551 50dc                 Options.file_checksum_gen_factory: Unknown
2025/10/31-20:09:39.234558 50dc                 Options.best_efforts_recovery: 0
2025/10/31-20:09:39.234564 50dc                Options.max_bgerror_resume_count: 2147483647
2025/10/31-20:09:39.234570 50dc            Options.bgerror_resume_retry_interval: 1000000
2025/10/31-20:09:39.234576 50dc             Options.allow_data_in_errors: 0
2025/10/31-20:09:39.234581 50dc             Options.db_host_id: __hostname__
2025/10/31-20:09:39.234587 50dc             Options.enforce_single_del_contracts: true
2025/10/31-20:09:39.234594 50dc             Options.metadata_write_temperature: kUnknown
2025/10/31-20:09:39.234601 50dc             Options.wal_write_temperature: kUnknown
2025/10/31-20:09:39.234607 50dc             Options.max_background_jobs: 4
2025/10/31-20:09:39.234613 50dc             Options.max_background_compactions: -1
2025/10/31-20:09:39.234619 50dc             Options.max_subcompactions: 1
2025/10/31-20:09:39.234625 50dc             Options.avoid_flush_during_shutdown: 0
2025/10/31-20:09:39.234630 50dc           Options.writable_file_max_buffer_size: 1048576
2025/10/31-20:09:39.234636 50dc             Options.delayed_write_rate : 16777216
2025/10/31-20:09:39.234643 50dc             Options.max_total_wal_size: 0
2025/10/31-20:09:39.234649 50dc             Options.delete_obsolete_files_period_micros: 21600000000
2025/10/31-20:09:39.234657 50dc                   Options.stats_dump_period_sec: 600
2025/10/31-20:09:39.234664 50dc                 Options.stats_persist_period_sec: 600
2025/10/31-20:09:39.234670 50dc                 Options.stats_history_buffer_size: 1048576
2025/10/31-20:09:39.234676 50dc                          Options.max_open_files: -1
2025/10/31-20:09:39.234681 50dc                          Options.bytes_per_sync: 0
2025/10/31-20:09:39.234687 50dc                      Options.wal_bytes_per_sync: 0
2025/10/31-20:09:39.234694 50dc                   Options.strict_bytes_per_sync: 0
2025/10/31-20:09:39.234700 50dc       Options.compaction_readahead_size: 2097152
2025/10/31-20:09:39.234706 50dc                  Options.max_background_flushes: -1
2025/10/31-20:09:39.234712 50dc Options.daily_offpeak_time_utc: 
2025/10/31-20:09:39.234720 50dc Compression algorithms supported:
2025/10/31-20:09:39.234727 50dc 	kZSTD supported: 1
2025/10/31-20:09:39.234733 50dc 	kCustomCompressionA3 supported: 0
2025/10/31-20:09:39.234740 50dc 	kSnappyCompression supported: 0
2025/10/31-20:09:39.234746 50dc 	kCustomCompressionA5 supported: 0
2025/10/31-20:09:39.234752 50dc 	kBZip2Compression supported: 0
2025/10/31-20:09:39.234758 50dc 	kZlibCompression supported: 1
2025/10/31-20:09:39.234764 50dc 	kLZ4Compression supported: 1
2025/10/31-20:09:39.234770 50dc 	kXpressCompression supported: 0
2025/10/31-20:09:39.234775 50dc 	kCustomCompressionA7 supported: 0
2025/10/31-20:09:39.234781 50dc 	kLZ4HCCompression supported: 1
2025/10/31-20:09:39.234788 50dc 	kCustomCompressionB2 supported: 0
2025/10/31-20:09:39.234794 50dc 	kCustomCompression9C supported: 0
2025/10/31-20:09:39.234800 50dc 	kCustomCompression80 supported: 0
2025/10/31-20:09:39.234806 50dc 	kCustomCompressionB3 supported: 0
2025/10/31-20:09:39.234812 50dc 	kCustomCompression9B supported: 0
2025/10/31-20:09:39.234817 50dc 	kCustomCompression81 supported: 0
2025/10/31-20:09:39.234823 50dc 	kCustomCompressionB0 supported: 0
2025/10/31-20:09:39.234829 50dc 	kCustomCompression9A supported: 0
2025/10/31-20:09:39.234835 50dc 	kCustomCompression82 supported: 0
2025/10/31-20:09:39.234841 50dc 	kCustomCompressionB1 supported: 0
2025/10/31-20:09:39.234848 50dc 	kCustomCompression83 supported: 0
2025/10/31-20:09:39.234854 50dc 	kCustomCompressionB6 supported: 0
2025/10/31-20:09:39.234859 50dc 	kCustomCompression84 supported: 0
2025/10/31-20:09:39.234865 50dc 	kCustomCompressionB7 supported: 0
2025/10/31-20:09:39.234871 50dc 	kCustomCompression9F supported: 0
2025/10/31-20:09:39.234876 50dc 	kCustomCompression85 supported: 0
2025/10/31-20:09:39.234883 50dc 	kCustomCompressionB4 supported: 0
2025/10/31-20:09:39.234889 50dc 	kCustomCompression9E supported: 0
2025/10/31-20:09:39.234895 50dc 	kCustomCompression86 supported: 0
2025/10/31-20:09:39.234901 50dc 	kCustomCompressionB5 supported: 0
2025/10/31-20:09:39.234907 50dc 	kCustomCompression9D supported: 0
2025/10/31-20:09:39.234913 50dc 	kCustomCompression87 supported: 0
2025/10/31-20:09:39.234919 50dc 	kCustomCompression88 supported: 0
2025/10/31-20:09:39.234924 50dc 	kCustomCompression89 supported: 0
2025/10/31-20:09:39.234931 50dc 	kCustomCompression92 supported: 0
2025/10/31-20:09:39.234937 50dc 	kCustomCompression8A supported: 0
2025/10/31-20:09:39.234943 50dc 	kCustomCompression91 supported: 0
2025/10/31-20:09:39.234949 50dc 	kCustomCompression8B supported: 0
2025/10/31-20:09:39.234954 50dc 	kCustomCompression90 supported: 0
2025/10/31-20:09:39.234960 50dc 	kCustomCompression8C supported: 0
2025/10/31-20:09:39.234966 50dc 	kCustomCompression97 supported: 0
2025/10/31-20:09:39.234972 50dc 	kCustomCompression8D supported: 0
2025/10/31-20:09:39.234978 50dc 	kCustomCompression96 supported: 0
2025/10/31-20:09:39.234985 50dc 	kCustomCompression8E supported: 0
2025/10/31-20:09:39.234991 50dc 	kCustomCompression95 supported: 0
2025/10/31-20:09:39.234997 50dc 	kCustomCompression8F supported: 0
2025/10/31-20:09:39.235003 50dc 	kCustomCompression93 supported: 0
2025/10/31-20:09:39.235008 50dc 	kCustomCompression94 supported: 0
2025/10/31-20:09:39.235015 50dc 	kCustomCompression98 supported: 0
2025/10/31-20:09:39.235022 50dc 	kCustomCompression99 supported: 0
2025/10/31-20:09:39.235029 50dc 	kCustomCompressionA0 supported: 0
2025/10/31-20:09:39.235035 50dc 	kCustomCompressionA1 supported: 0
2025/10/31-20:09:39.235041 50dc 	kCustomCompressionA2 supported: 0
2025/10/31-20:09:39.235047 50dc 	kCustomCompressionA4 supported: 0
2025/10/31-20:09:39.235053 50dc 	kCustomCompressionA6 supported: 0
2025/10/31-20:09:39.235059 50dc 	kCustomCompressionA8 supported: 0
2025/10/31-20:09:39.235064 50dc 	kCustomCompressionA9 supported: 0
2025/10/31-20:09:39.235070 50dc 	kCustomCompressionAA supported: 0
2025/10/31-20:09:39.235077 50dc 	kCustomCompressionAB supported: 0
2025/10/31-20:09:39.235083 50dc 	kCustomCompressionAC supported: 0
2025/10/31-20:09:39.235088 50dc 	kCustomCompressionAD supported: 0
2025/10/31-20:09:39.235094 50dc 	kCustomCompressionAE supported: 0
2025/10/31-20:09:39.235100 50dc 	kCustomCompressionAF supported: 0
2025/10/31-20:09:39.235105 50dc 	kCustomCompressionB8 supported: 0
2025/10/31-20:09:39.235111 50dc 	kCustomCompressionB9 supported: 0
2025/10/31-20:09:39.235117 50dc 	kCustomCompressionBA supported: 0
2025/10/31-20:09:39.235123 50dc 	kCustomCompressionBB supported: 0
2025/10/31-20:09:39.235130 50dc 	kCustomCompressionBC supported: 0
2025/10/31-20:09:39.235136 50dc 	kCustomCompressionBD supported: 0
2025/10/31-20:09:39.235142 50dc 	kCustomCompressionBE supported: 0
2025/10/31-20:09:39.235147 50dc 	kCustomCompressionBF supported: 0
2025/10/31-20:09:39.235153 50dc 	kCustomCompressionC0 supported: 0
2025/10/31-20:09:39.235159 50dc 	kCustomCompressionC1 supported: 0
2025/10/31-20:09:39.235165 50dc 	kCustomCompressionC2 supported: 0
2025/10/31-20:09:39.235171 50dc 	kCustomCompressionC3 supported: 0
2025/10/31-20:09:39.235178 50dc 	kCustomCompressionC4 supported: 0
2025/10/31-20:09:39.235184 50dc 	kCustomCompressionC5 supported: 0
2025/10/31-20:09:39.235190 50dc 	kCustomCompressionC6 supported: 0
2025/10/31-20:09:39.235195 50dc 	kCustomCompressionC7 supported: 0
2025/10/31-20:09:39.235201 50dc 	kCustomCompressionC8 supported: 0
2025/10/31-20:09:39.235207 50dc 	kCustomCompressionC9 supported: 0
2025/10/31-20:09:39.235213 50dc 	kCustomCompressionCA supported: 0
2025/10/31-20:09:39.235219 50dc 	kCustomCompressionCB supported: 0
2025/10/31-20:09:39.235225 50dc 	kCustomCompressionCC supported: 0
2025/10/31-20:09:39.235231 50dc 	kCustomCompressionCD supported: 0
2025/10/31-20:09:39.235237 50dc 	kCustomCompressionCE supported: 0
2025/10/31-20:09:39.235242 50dc 	kCustomCompressionCF supported: 0
2025/10/31-20:09:39.235248 50dc 	kCustomCompressionD0 supported: 0
2025/10/31-20:09:39.235254 50dc 	kCustomCompressionD1 supported: 0
2025/10/31-20:09:39.235259 50dc 	kCustomCompressionD2 supported: 0
2025/10/31-20:09:39.235266 50dc 	kCustomCompressionD3 supported: 0
2025/10/31-20:09:39.235272 50dc 	kCustomCompressionD4 supported: 0
2025/10/31-20:09:39.235278 50dc 	kCustomCompressionD5 supported: 0
2025/10/31-20:09:39.235285 50dc 	kCustomCompressionD6 supported: 0
2025/10/31-20:09:39.235290 50dc 	kCustomCompressionD7 supported: 0
2025/10/31-20:09:39.235296 50dc 	kCustomCompressionD8 supported: 0
2025/10/31-20:09:39.235302 50dc 	kCustomCompressionD9 supported: 0
2025/10/31-20:09:39.235308 50dc 	kCustomCompressionDA supported: 0
2025/10/31-20:09:39.235314 50dc 	kCustomCompressionDB supported: 0
2025/10/31-20:09:39.235320 50dc 	kCustomCompressionDC supported: 0
2025/10/31-20:09:39.235327 50dc 	kCustomCompressionDD supported: 0
2025/10/31-20:09:39.235333 50dc 	kCustomCompressionDE supported: 0
2025/10/31-20:09:39.235338 50dc 	kCustomCompressionDF supported: 0
2025/10/31-20:09:39.235344 50dc 	kCustomCompressionE0 supported: 0
2025/10/31-20:09:39.235350 50dc 	kCustomCompressionE1 supported: 0
2025/10/31-20:09:39.235355 50dc 	kCustomCompressionE2 supported: 0
2025/10/31-20:09:39.235362 50dc 	kCustomCompressionE3 supported: 0
2025/10/31-20:09:39.235368 50dc 	kCustomCompressionE4 supported: 0
2025/10/31-20:09:39.235374 50dc 	kCustomCompressionE5 supported: 0
2025/10/31-20:09:39.235400 50dc 	kCustomCompressionE6 supported: 0
2025/10/31-20:09:39.235409 50dc 	kCustomCompressionE7 supported: 0
2025/10/31-20:09:39.235415 50dc 	kCustomCompressionE8 supported: 0
2025/10/31-20:09:39.235421 50dc 	kCustomCompressionE9 supported: 0
2025/10/31-20:09:39.235426 50dc 	kCustomCompressionEA supported: 0
2025/10/31-20:09:39.235433 50dc 	kCustomCompressionEB supported: 0
2025/10/31-20:09:39.235439 50dc 	kCustomCompressionEC supported: 0
2025/10/31-20:09:39.235446 50dc 	kCustomCompressionED supported: 0
2025/10/31-20:09:39.235452 50dc 	kCustomCompressionEE supported: 0
2025/10/31-20:09:39.235457 50dc 	kCustomCompressionEF supported: 0
2025/10/31-20:09:39.235463 50dc 	kCustomCompressionF0 supported: 0
2025/10/31-20:09:39.235469 50dc 	kCustomCompressionF1 supported: 0
2025/10/31-20:09:39.235474 50dc 	kCustomCompressionF2 supported: 0
2025/10/31-20:09:39.235481 50dc 	kCustomCompressionF3 supported: 0
2025/10/31-20:09:39.235487 50dc 	kCustomCompressionF4 supported: 0
2025/10/31-20:09:39.235494 50dc 	kCustomCompressionF5 supported: 0
2025/10/31-20:09:39.235500 50dc 	kCustomCompressionF6 supported: 0
2025/10/31-20:09:39.235505 50dc 	kCustomCompressionF7 supported: 0
2025/10/31-20:09:39.235511 50dc 	kCustomCompressionF8 supported: 0
2025/10/31-20:09:39.235517 50dc 	kCustomCompressionF9 supported: 0
2025/10/31-20:09:39.235523 50dc 	kCustomCompressionFA supported: 0
2025/10/31-20:09:39.235529 50dc 	kCustomCompressionFB supported: 0
2025/10/31-20:09:39.235535 50dc 	kCustomCompressionFC supported: 0
2025/10/31-20:09:39.235541 50dc 	kCustomCompressionFD supported: 0
2025/10/31-20:09:39.235547 50dc 	kCustomCompressionFE supported: 0
2025/10/31-20:09:39.235556 50dc Fast CRC32 supported: Not supported on x86
2025/10/31-20:09:39.235563 50dc DMutex implementation: std::mutex
2025/10/31-20:09:39.235569 50dc Jemalloc supported: 0
2025/10/31-20:09:39.236235 50dc [db\version_set.cc:6116] Recovering from manifest file: C:\VCC\themis\data\themis_server/MANIFEST-002670
2025/10/31-20:09:39.237399 50dc [db\column_family.cc:692] --------------- Options for column family [default]:
2025/10/31-20:09:39.237458 50dc               Options.comparator: leveldb.BytewiseComparator
2025/10/31-20:09:39.237467 50dc           Options.merge_operator: None
2025/10/31-20:09:39.237474 50dc        Options.compaction_filter: None
2025/10/31-20:09:39.237480 50dc        Options.compaction_filter_factory: None
2025/10/31-20:09:39.237486 50dc  Options.sst_partitioner_factory: None
2025/10/31-20:09:39.237492 50dc         Options.memtable_factory: SkipListFactory
2025/10/31-20:09:39.237498 50dc            Options.table_factory: BlockBasedTable
2025/10/31-20:09:39.237551 50dc            table_factory options:   flush_block_policy_factory: FlushBlockBySizePolicyFactory (0000027F4C813810)
  cache_index_and_filter_blocks: 1
  cache_index_and_filter_blocks_with_high_priority: 1
  pin_l0_filter_and_index_blocks_in_cache: 1
  pin_top_level_index_and_filter: 1
  index_type: 0
  data_block_index_type: 0
  index_shortening: 1
  data_block_hash_table_util_ratio: 0.750000
  checksum: 4
  no_block_cache: 0
  block_cache: 0000027F4C81F1B0
  block_cache_name: LRUCache
  block_cache_options:
    capacity : 1073741824
    num_shard_bits : 6
    strict_capacity_limit : 0
    memory_allocator : None
    high_pri_pool_ratio: 0.500
    low_pri_pool_ratio: 0.000
  persistent_cache: 0000000000000000
  block_size: 4096
  block_size_deviation: 10
  block_restart_interval: 16
  index_block_restart_interval: 1
  metadata_block_size: 4096
  partition_filters: 0
  use_delta_encoding: 1
  filter_policy: bloomfilter
  whole_key_filtering: 1
  verify_compression: 0
  read_amp_bytes_per_bit: 0
  format_version: 6
  enable_index_compression: 1
  block_align: 0
  max_auto_readahead_size: 262144
  prepopulate_block_cache: 0
  initial_auto_readahead_size: 8192
  num_file_reads_for_auto_readahead: 2
2025/10/31-20:09:39.237561 50dc        Options.write_buffer_size: 268435456
2025/10/31-20:09:39.237568 50dc  Options.max_write_buffer_number: 3
2025/10/31-20:09:39.237574 50dc          Options.compression: LZ4
2025/10/31-20:09:39.237582 50dc                  Options.bottommost_compression: ZSTD
2025/10/31-20:09:39.237589 50dc       Options.prefix_extractor: nullptr
2025/10/31-20:09:39.237596 50dc   Options.memtable_insert_with_hint_prefix_extractor: nullptr
2025/10/31-20:09:39.237603 50dc             Options.num_levels: 7
2025/10/31-20:09:39.237609 50dc        Options.min_write_buffer_number_to_merge: 1
2025/10/31-20:09:39.237615 50dc     Options.max_write_buffer_size_to_maintain: 805306368
2025/10/31-20:09:39.237620 50dc            Options.bottommost_compression_opts.window_bits: -14
2025/10/31-20:09:39.237626 50dc                  Options.bottommost_compression_opts.level: 32767
2025/10/31-20:09:39.237632 50dc               Options.bottommost_compression_opts.strategy: 0
2025/10/31-20:09:39.237638 50dc         Options.bottommost_compression_opts.max_dict_bytes: 0
2025/10/31-20:09:39.237644 50dc         Options.bottommost_compression_opts.zstd_max_train_bytes: 0
2025/10/31-20:09:39.237651 50dc         Options.bottommost_compression_opts.parallel_threads: 1
2025/10/31-20:09:39.237657 50dc                  Options.bottommost_compression_opts.enabled: false
2025/10/31-20:09:39.237663 50dc         Options.bottommost_compression_opts.max_dict_buffer_bytes: 0
2025/10/31-20:09:39.237669 50dc         Options.bottommost_compression_opts.use_zstd_dict_trainer: true
2025/10/31-20:09:39.237675 50dc            Options.compression_opts.window_bits: -14
2025/10/31-20:09:39.237681 50dc                  Options.compression_opts.level: 32767
2025/10/31-20:09:39.237686 50dc               Options.compression_opts.strategy: 0
2025/10/31-20:09:39.237693 50dc         Options.compression_opts.max_dict_bytes: 0
2025/10/31-20:09:39.237699 50dc         Options.compression_opts.zstd_max_train_bytes: 0
2025/10/31-20:09:39.237705 50dc         Options.compression_opts.use_zstd_dict_trainer: true
2025/10/31-20:09:39.237711 50dc         Options.compression_opts.parallel_threads: 1
2025/10/31-20:09:39.237717 50dc                  Options.compression_opts.enabled: false
2025/10/31-20:09:39.237723 50dc         Options.compression_opts.max_dict_buffer_bytes: 0
2025/10/31-20:09:39.237729 50dc      Options.level0_file_num_compaction_trigger: 4
2025/10/31-20:09:39.237734 50dc          Options.level0_slowdown_writes_trigger: 20
2025/10/31-20:09:39.237741 50dc              Options.level0_stop_writes_trigger: 36
2025/10/31-20:09:39.237747 50dc                   Options.target_file_size_base: 67108864
2025/10/31-20:09:39.237753 50dc             Options.target_file_size_multiplier: 1
2025/10/31-20:09:39.237759 50dc                Options.max_bytes_for_level_base: 268435456
2025/10/31-20:09:39.237765 50dc Options.level_compaction_dynamic_level_bytes: 1
2025/10/31-20:09:39.237771 50dc          Options.max_bytes_for_level_multiplier: 10.000000
2025/10/31-20:09:39.237777 50dc Options.max_bytes_for_level_multiplier_addtl[0]: 1
2025/10/31-20:09:39.237783 50dc Options.max_bytes_for_level_multiplier_addtl[1]: 1
2025/10/31-20:09:39.237790 50dc Options.max_bytes_for_level_multiplier_addtl[2]: 1
2025/10/31-20:09:39.237796 50dc Options.max_bytes_for_level_multiplier_addtl[3]: 1
2025/10/31-20:09:39.237802 50dc Options.max_bytes_for_level_multiplier_addtl[4]: 1
2025/10/31-20:09:39.237808 50dc Options.max_bytes_for_level_multiplier_addtl[5]: 1
2025/10/31-20:09:39.237814 50dc Options.max_bytes_for_level_multiplier_addtl[6]: 1
2025/10/31-20:09:39.237820 50dc       Options.max_sequential_skip_in_iterations: 8
2025/10/31-20:09:39.237826 50dc          Options.memtable_op_scan_flush_trigger: 0
2025/10/31-20:09:39.237831 50dc      Options.memtable_avg_op_scan_flush_trigger: 0
2025/10/31-20:09:39.237838 50dc                    Options.max_compaction_bytes: 1677721600
2025/10/31-20:09:39.237844 50dc                        Options.arena_block_size: 1048576
2025/10/31-20:09:39.237851 50dc   Options.soft_pending_compaction_bytes_limit: 68719476736
2025/10/31-20:09:39.237856 50dc   Options.hard_pending_compaction_bytes_limit: 274877906944
2025/10/31-20:09:39.237862 50dc                Options.disable_auto_compactions: 1
2025/10/31-20:09:39.237870 50dc                        Options.compaction_style: kCompactionStyleLevel
2025/10/31-20:09:39.237877 50dc                          Options.compaction_pri: kMinOverlappingRatio
2025/10/31-20:09:39.237884 50dc Options.compaction_options_universal.size_ratio: 1
2025/10/31-20:09:39.237890 50dc Options.compaction_options_universal.min_merge_width: 2
2025/10/31-20:09:39.237896 50dc Options.compaction_options_universal.max_merge_width: 4294967295
2025/10/31-20:09:39.237902 50dc Options.compaction_options_universal.max_size_amplification_percent: 200
2025/10/31-20:09:39.237908 50dc Options.compaction_options_universal.compression_size_percent: -1
2025/10/31-20:09:39.237914 50dc Options.compaction_options_universal.stop_style: kCompactionStopStyleTotalSize
2025/10/31-20:09:39.237920 50dc Options.compaction_options_universal.max_read_amp: -1
2025/10/31-20:09:39.237926 50dc Options.compaction_options_universal.reduce_file_locking: 0
2025/10/31-20:09:39.237931 50dc Options.compaction_options_fifo.max_table_files_size: 1073741824
2025/10/31-20:09:39.237938 50dc Options.compaction_options_fifo.allow_compaction: 0
2025/10/31-20:09:39.237948 50dc                   Options.table_properties_collectors: 
2025/10/31-20:09:39.237956 50dc                   Options.inplace_update_support: 0
2025/10/31-20:09:39.237962 50dc                 Options.inplace_update_num_locks: 10000
2025/10/31-20:09:39.237968 50dc               Options.memtable_prefix_bloom_size_ratio: 0.000000
2025/10/31-20:09:39.237974 50dc               Options.memtable_whole_key_filtering: 0
2025/10/31-20:09:39.237980 50dc   Options.memtable_huge_page_size: 0
2025/10/31-20:09:39.237986 50dc                           Options.bloom_locality: 0
2025/10/31-20:09:39.237993 50dc                    Options.max_successive_merges: 0
2025/10/31-20:09:39.237999 50dc             Options.strict_max_successive_merges: 0
2025/10/31-20:09:39.238005 50dc                Options.optimize_filters_for_hits: 0
2025/10/31-20:09:39.238010 50dc                Options.paranoid_file_checks: 0
2025/10/31-20:09:39.238016 50dc                Options.force_consistency_checks: 1
2025/10/31-20:09:39.238022 50dc                Options.report_bg_io_stats: 0
2025/10/31-20:09:39.238027 50dc                Options.disallow_memtable_writes: 0
2025/10/31-20:09:39.238034 50dc                               Options.ttl: 2592000
2025/10/31-20:09:39.238040 50dc          Options.periodic_compaction_seconds: 0
2025/10/31-20:09:39.238047 50dc                        Options.default_temperature: kUnknown
2025/10/31-20:09:39.238052 50dc  Options.preclude_last_level_data_seconds: 0
2025/10/31-20:09:39.238058 50dc    Options.preserve_internal_time_seconds: 0
2025/10/31-20:09:39.238064 50dc                       Options.enable_blob_files: false
2025/10/31-20:09:39.238070 50dc                           Options.min_blob_size: 0
2025/10/31-20:09:39.238075 50dc                          Options.blob_file_size: 268435456
2025/10/31-20:09:39.238082 50dc                   Options.blob_compression_type: NoCompression
2025/10/31-20:09:39.238089 50dc          Options.enable_blob_garbage_collection: false
2025/10/31-20:09:39.238095 50dc      Options.blob_garbage_collection_age_cutoff: 0.250000
2025/10/31-20:09:39.238102 50dc Options.blob_garbage_collection_force_threshold: 1.000000
2025/10/31-20:09:39.238108 50dc          Options.blob_compaction_readahead_size: 0
2025/10/31-20:09:39.238114 50dc                Options.blob_file_starting_level: 0
2025/10/31-20:09:39.238119 50dc         Options.experimental_mempurge_threshold: 0.000000
2025/10/31-20:09:39.238125 50dc            Options.memtable_max_range_deletions: 0
2025/10/31-20:09:39.239968 50dc [db\version_set.cc:6174] Recovered from manifest file:C:\VCC\themis\data\themis_server/MANIFEST-002670 succeeded,manifest_file_number is 2670, next_file_number is 2672, last_sequence is 239, log_number is 2664,prev_log_number is 0,max_column_family is 0,min_log_number_to_keep is 0
2025/10/31-20:09:39.240003 50dc [db\version_set.cc:6183] Column family [default] (ID 0), log number is 2664
2025/10/31-20:09:39.240213 50dc [db\db_impl\db_impl_open.cc:692] DB ID: 91529813-b413-11f0-8e09-b42e99fe92b3
2025/10/31-20:09:39.241658 50dc EVENT_LOG_v1 {"time_micros": 1761937779241530, "job": 1, "event": "recovery_started", "wal_files": [4, 10, 16, 22, 28, 34, 40, 46, 52, 58, 64, 70, 76, 82, 88, 94, 100, 106, 113, 120, 126, 133, 139, 145, 151, 157, 163, 169, 175, 181, 187, 193, 200, 208, 214, 221, 229, 235, 241, 247, 253, 259, 265, 271, 277, 283, 290, 297, 306, 313, 320, 326, 332, 338, 344, 350, 356, 362, 368, 374, 381, 388, 397, 404, 411, 417, 423, 429, 435, 441, 447, 453, 459, 465, 472, 482, 491, 498, 504, 510, 516, 522, 528, 534, 540, 546, 552, 558, 565, 572, 578, 585, 592, 598, 604, 610, 616, 622, 628, 634, 640, 646, 653, 663, 669, 676, 683, 689, 695, 701, 707, 713, 719, 725, 731, 737, 744, 751, 759, 766, 773, 779, 785, 791, 797, 803, 809, 815, 821, 827, 834, 844, 852, 859, 865, 871, 877, 883, 889, 895, 901, 907, 913, 919, 926, 933, 939, 946, 953, 959, 965, 971, 977, 983, 989, 995, 1001, 1007, 1014, 1023, 1029, 1036, 1043, 1049, 1055, 1061, 1067, 1073, 1079, 1085, 1091, 1097, 1104, 1111, 1119, 1126, 1133, 1139, 1145, 1151, 1157, 1163, 1169, 1175, 1181, 1187, 1193, 1200, 1209, 1217, 1224, 1230, 1236, 1242, 1248, 1254, 1260, 1266, 1272, 1278, 1284, 1291, 1298, 1304, 1311, 1318, 1324, 1330, 1336, 1342, 1348, 1354, 1360, 1366, 1372, 1379, 1388, 1394, 1401, 1408, 1414, 1420, 1426, 1432, 1438, 1444, 1450, 1456, 1462, 1469, 1476, 1484, 1491, 1498, 1504, 1510, 1516, 1523, 1532, 1538, 1544, 1550, 1556, 1562, 1568, 1574, 1580, 1586, 1592, 1598, 1604, 1610, 1616, 1622, 1628, 1634, 1640, 1646, 1652, 1658, 1664, 1670, 1676, 1683, 1690, 1696, 1703, 1711, 1717, 1723, 1729, 1735, 1741, 1747, 1753, 1759, 1765, 1771, 1778, 1785, 1791, 1798, 1804, 1810, 1816, 1822, 1828, 1834, 1840, 1846, 1852, 1858, 1864, 1870, 1876, 1882, 1888, 1894, 1900, 1906, 1912, 1919, 1929, 1935, 1942, 1948, 1954, 1960, 1966, 1972, 1978, 1984, 1991, 1997, 2003, 2009, 2015, 2021, 2027, 2034, 2043, 2051, 2058, 2064, 2070, 2076, 2082, 2088, 2094, 2100, 2107, 2114, 2121, 2129, 2135, 2141, 2147, 2153, 2159, 2165, 2172, 2178, 2184, 2190, 2196, 2203, 2209, 2215, 2221, 2227, 2233, 2239, 2245, 2252, 2259, 2267, 2274, 2282, 2288, 2294, 2300, 2307, 2314, 2321, 2327, 2333, 2339, 2345, 2351, 2357, 2363, 2370, 2380, 2386, 2393, 2399, 2405, 2411, 2417, 2423, 2429, 2435, 2441, 2447, 2453, 2459, 2466, 2473, 2481, 2488, 2494, 2500, 2506, 2512, 2518, 2524, 2530, 2536, 2542, 2548, 2554, 2561, 2568, 2574, 2581, 2589, 2595, 2601, 2607, 2613, 2619, 2625, 2631, 2637, 2643, 2649, 2656, 2663, 2669]}
2025/10/31-20:09:39.241679 50dc [db\db_impl\db_impl_open.cc:1379] Recovering log #4 mode 2
2025/10/31-20:09:39.241769 50dc [db\db_impl\db_impl_open.cc:1353] Recovered to log #4 next seq #72057594037927935
2025/10/31-20:09:39.241836 50dc [db\db_impl\db_impl_open.cc:1379] Recovering log #10 mode 2
2025/10/31-20:09:39.241914 50dc [db\db_impl\db_impl_open.cc:1353] Recovered to log #10 next seq #72057594037927935
