2025/10/31-23:23:23.339233 38c0 RocksDB version: 10.4.2
2025/10/31-23:23:23.339331 38c0 Git sha 0
2025/10/31-23:23:23.339363 38c0 Compile date 2025-10-31 21:18:42
2025/10/31-23:23:23.339389 38c0 DB SUMMARY
2025/10/31-23:23:23.339413 38c0 Host name (Env):  DESKTOP-712S8LO
2025/10/31-23:23:23.339435 38c0 DB Session ID:  7ZYQB9PW2KO6PTZ9WUJC
2025/10/31-23:23:23.357669 38c0 CURRENT file:  CURRENT
2025/10/31-23:23:23.357712 38c0 IDENTITY file:  IDENTITY
2025/10/31-23:23:23.357801 38c0 MANIFEST file:  MANIFEST-002778 size: 520 Bytes
2025/10/31-23:23:23.357827 38c0 SST files in C:\VCC\themis\data\themis_server dir, Total Num: 3, files: 002754.sst 002757.sst 002770.sst 
2025/10/31-23:23:23.357857 38c0 Write Ahead Log file in C:\VCC\themis\data\themis_server: 000004.log size: 0 ; 000010.log size: 0 ; 000016.log size: 0 ; 000022.log size: 0 ; 000028.log size: 0 ; 000034.log size: 0 ; 000040.log size: 0 ; 000046.log size: 0 ; 000052.log size: 0 ; 000058.log size: 0 ; 000064.log size: 0 ; 000070.log size: 0 ; 000076.log size: 0 ; 000082.log size: 0 ; 000088.log size: 0 ; 000094.log size: 0 ; 000100.log size: 0 ; 000106.log size: 42 ; 000113.log size: 90 ; 000120.log size: 0 ; 000126.log size: 86 ; 000133.log size: 0 ; 000139.log size: 0 ; 000145.log size: 0 ; 000151.log size: 0 ; 000157.log size: 0 ; 000163.log size: 0 ; 000169.log size: 0 ; 000175.log size: 0 ; 000181.log size: 0 ; 000187.log size: 0 ; 000193.log size: 42 ; 000200.log size: 90 ; 000208.log size: 0 ; 000214.log size: 86 ; 000221.log size: 0 ; 000229.log size: 0 ; 000235.log size: 0 ; 000241.log size: 0 ; 000247.log size: 0 ; 000253.log size: 0 ; 000259.log size: 0 ; 000265.log size: 0 ; 000271.log size: 0 ; 000277.log size: 0 ; 000283.log size: 42 ; 000290.log size: 90 ; 000297.log size: 0 ; 000306.log size: 86 ; 000313.log size: 0 ; 000320.log size: 0 ; 000326.log size: 0 ; 000332.log size: 0 ; 000338.log size: 0 ; 000344.log size: 0 ; 000350.log size: 0 ; 000356.log size: 0 ; 000362.log size: 0 ; 000368.log size: 0 ; 000374.log size: 42 ; 000381.log size: 90 ; 000388.log size: 0 ; 000397.log size: 86 ; 000404.log size: 0 ; 000411.log size: 0 ; 000417.log size: 0 ; 000423.log size: 0 ; 000429.log size: 0 ; 000435.log size: 0 ; 000441.log size: 0 ; 000447.log size: 0 ; 000453.log size: 0 ; 000459.log size: 0 ; 000465.log size: 42 ; 000472.log size: 90 ; 000482.log size: 0 ; 000491.log size: 86 ; 000498.log size: 0 ; 000504.log size: 0 ; 000510.log size: 0 ; 000516.log size: 0 ; 000522.log size: 0 ; 000528.log size: 0 ; 000534.log size: 0 ; 000540.log size: 0 ; 000546.log size: 0 ; 000552.log size: 0 ; 000558.log size: 42 ; 000565.log size: 90 ; 000572.log size: 0 ; 000578.log size: 86 ; 000585.log size: 0 ; 000592.log size: 0 ; 000598.log size: 0 ; 000604.log size: 0 ; 000610.log size: 0 ; 000616.log size: 0 ; 000622.log size: 0 ; 000628.log size: 0 ; 000634.log size: 0 ; 000640.log size: 0 ; 000646.log size: 42 ; 000653.log size: 90 ; 000663.log size: 0 ; 000669.log size: 86 ; 000676.log size: 0 ; 000683.log size: 0 ; 000689.log size: 0 ; 000695.log size: 0 ; 000701.log size: 0 ; 000707.log size: 0 ; 000713.log size: 0 ; 000719.log size: 0 ; 000725.log size: 0 ; 000731.log size: 0 ; 000737.log size: 42 ; 000744.log size: 90 ; 000751.log size: 0 ; 000759.log size: 86 ; 000766.log size: 0 ; 000773.log size: 0 ; 000779.log size: 0 ; 000785.log size: 0 ; 000791.log size: 0 ; 000797.log size: 0 ; 000803.log size: 0 ; 000809.log size: 0 ; 000815.log size: 0 ; 000821.log size: 0 ; 000827.log size: 42 ; 000834.log size: 90 ; 000844.log size: 0 ; 000852.log size: 86 ; 000859.log size: 0 ; 000865.log size: 0 ; 000871.log size: 0 ; 000877.log size: 0 ; 000883.log size: 0 ; 000889.log size: 0 ; 000895.log size: 0 ; 000901.log size: 0 ; 000907.log size: 0 ; 000913.log size: 0 ; 000919.log size: 42 ; 000926.log size: 90 ; 000933.log size: 0 ; 000939.log size: 86 ; 000946.log size: 0 ; 000953.log size: 0 ; 000959.log size: 0 ; 000965.log size: 0 ; 000971.log size: 0 ; 000977.log size: 0 ; 000983.log size: 0 ; 000989.log size: 0 ; 000995.log size: 0 ; 001001.log size: 0 ; 001007.log size: 42 ; 001014.log size: 90 ; 001023.log size: 0 ; 001029.log size: 86 ; 001036.log size: 0 ; 001043.log size: 0 ; 001049.log size: 0 ; 001055.log size: 0 ; 001061.log size: 0 ; 001067.log size: 0 ; 001073.log size: 0 ; 001079.log size: 0 ; 001085.log size: 0 ; 001091.log size: 0 ; 001097.log size: 42 ; 001104.log size: 90 ; 001111.log size: 0 ; 001119.log size: 86 ; 001126.log size: 0 ; 001133.log size: 0 ; 001139.log size: 0 ; 001145.log size: 0 ; 001151.log size: 0 ; 001157.log size: 0 ; 001163.log size: 0 ; 001169.log size: 0 ; 001175.log size: 0 ; 001181.log size: 0 ; 001187.log size: 0 ; 001193.log size: 42 ; 001200.log size: 90 ; 001209.log size: 0 ; 001217.log size: 86 ; 001224.log size: 0 ; 001230.log size: 0 ; 001236.log size: 0 ; 001242.log size: 0 ; 001248.log size: 0 ; 001254.log size: 0 ; 001260.log size: 0 ; 001266.log size: 0 ; 001272.log size: 0 ; 001278.log size: 0 ; 001284.log size: 42 ; 001291.log size: 90 ; 001298.log size: 0 ; 001304.log size: 86 ; 001311.log size: 0 ; 001318.log size: 0 ; 001324.log size: 0 ; 001330.log size: 0 ; 001336.log size: 0 ; 001342.log size: 0 ; 001348.log size: 0 ; 001354.log size: 0 ; 001360.log size: 0 ; 001366.log size: 0 ; 001372.log size: 42 ; 001379.log size: 90 ; 001388.log size: 0 ; 001394.log size: 86 ; 001401.log size: 0 ; 001408.log size: 0 ; 001414.log size: 0 ; 001420.log size: 0 ; 001426.log size: 0 ; 001432.log size: 0 ; 001438.log size: 0 ; 001444.log size: 0 ; 001450.log size: 0 ; 001456.log size: 0 ; 001462.log size: 42 ; 001469.log size: 90 ; 001476.log size: 0 ; 001484.log size: 86 ; 001491.log size: 0 ; 001498.log size: 0 ; 001504.log size: 0 ; 001510.log size: 0 ; 001516.log size: 244 ; 001523.log size: 876 ; 001532.log size: 0 ; 001538.log size: 0 ; 001544.log size: 0 ; 001550.log size: 0 ; 001556.log size: 0 ; 001562.log size: 0 ; 001568.log size: 0 ; 001574.log size: 0 ; 001580.log size: 0 ; 001586.log size: 0 ; 001592.log size: 0 ; 001598.log size: 0 ; 001604.log size: 0 ; 001610.log size: 0 ; 001616.log size: 0 ; 001622.log size: 0 ; 001628.log size: 0 ; 001634.log size: 0 ; 001640.log size: 0 ; 001646.log size: 0 ; 001652.log size: 0 ; 001658.log size: 0 ; 001664.log size: 0 ; 001670.log size: 0 ; 001676.log size: 42 ; 001683.log size: 90 ; 001690.log size: 0 ; 001696.log size: 86 ; 001703.log size: 0 ; 001711.log size: 0 ; 001717.log size: 0 ; 001723.log size: 0 ; 001729.log size: 0 ; 001735.log size: 0 ; 001741.log size: 0 ; 001747.log size: 0 ; 001753.log size: 0 ; 001759.log size: 0 ; 001765.log size: 0 ; 001771.log size: 42 ; 001778.log size: 90 ; 001785.log size: 0 ; 001791.log size: 86 ; 001798.log size: 0 ; 001804.log size: 0 ; 001810.log size: 0 ; 001816.log size: 0 ; 001822.log size: 0 ; 001828.log size: 0 ; 001834.log size: 0 ; 001840.log size: 0 ; 001846.log size: 0 ; 001852.log size: 0 ; 001858.log size: 0 ; 001864.log size: 0 ; 001870.log size: 0 ; 001876.log size: 0 ; 001882.log size: 0 ; 001888.log size: 0 ; 001894.log size: 0 ; 001900.log size: 0 ; 001906.log size: 0 ; 001912.log size: 42 ; 001919.log size: 90 ; 001929.log size: 0 ; 001935.log size: 86 ; 001942.log size: 0 ; 001948.log size: 0 ; 001954.log size: 0 ; 001960.log size: 0 ; 001966.log size: 0 ; 001972.log size: 0 ; 001978.log size: 0 ; 001984.log size: 167 ; 001991.log size: 0 ; 001997.log size: 0 ; 002003.log size: 0 ; 002009.log size: 0 ; 002015.log size: 0 ; 002021.log size: 0 ; 002027.log size: 42 ; 002034.log size: 90 ; 002043.log size: 0 ; 002051.log size: 86 ; 002058.log size: 0 ; 002064.log size: 0 ; 002070.log size: 0 ; 002076.log size: 0 ; 002082.log size: 0 ; 002088.log size: 0 ; 002094.log size: 0 ; 002100.log size: 839 ; 002107.log size: 1133 ; 002114.log size: 775 ; 002121.log size: 0 ; 002129.log size: 0 ; 002135.log size: 0 ; 002141.log size: 0 ; 002147.log size: 0 ; 002153.log size: 0 ; 002159.log size: 0 ; 002165.log size: 448 ; 002172.log size: 0 ; 002178.log size: 0 ; 002184.log size: 0 ; 002190.log size: 0 ; 002196.log size: 3322 ; 002203.log size: 0 ; 002209.log size: 0 ; 002215.log size: 0 ; 002221.log size: 0 ; 002227.log size: 0 ; 002233.log size: 0 ; 002239.log size: 0 ; 002245.log size: 42 ; 002252.log size: 90 ; 002259.log size: 0 ; 002267.log size: 86 ; 002274.log size: 0 ; 002282.log size: 0 ; 002288.log size: 0 ; 002294.log size: 0 ; 002300.log size: 1338 ; 002307.log size: 1445 ; 002314.log size: 2001 ; 002321.log size: 0 ; 002327.log size: 0 ; 002333.log size: 0 ; 002339.log size: 0 ; 002345.log size: 0 ; 002351.log size: 0 ; 002357.log size: 0 ; 002363.log size: 42 ; 002370.log size: 90 ; 002380.log size: 0 ; 002386.log size: 86 ; 002393.log size: 0 ; 002399.log size: 0 ; 002405.log size: 0 ; 002411.log size: 0 ; 002417.log size: 0 ; 002423.log size: 0 ; 002429.log size: 0 ; 002435.log size: 0 ; 002441.log size: 0 ; 002447.log size: 0 ; 002453.log size: 0 ; 002459.log size: 42 ; 002466.log size: 90 ; 002473.log size: 0 ; 002481.log size: 86 ; 002488.log size: 0 ; 002494.log size: 0 ; 002500.log size: 0 ; 002506.log size: 0 ; 002512.log size: 0 ; 002518.log size: 0 ; 002524.log size: 0 ; 002530.log size: 0 ; 002536.log size: 0 ; 002542.log size: 0 ; 002548.log size: 0 ; 002554.log size: 42 ; 002561.log size: 90 ; 002568.log size: 0 ; 002574.log size: 86 ; 002581.log size: 0 ; 002589.log size: 0 ; 002595.log size: 0 ; 002601.log size: 0 ; 002607.log size: 0 ; 002613.log size: 0 ; 002619.log size: 0 ; 002625.log size: 0 ; 002631.log size: 0 ; 002637.log size: 0 ; 002643.log size: 0 ; 002649.log size: 42 ; 002656.log size: 90 ; 002663.log size: 0 ; 002669.log size: 86 ; 002676.log size: 0 ; 002682.log size: 0 ; 002688.log size: 0 ; 002694.log size: 0 ; 002700.log size: 0 ; 002706.log size: 0 ; 002712.log size: 0 ; 002718.log size: 0 ; 002724.log size: 0 ; 002730.log size: 0 ; 002736.log size: 0 ; 002742.log size: 42 ; 002749.log size: 90 ; 002758.log size: 0 ; 002764.log size: 86 ; 002771.log size: 0 ; 002777.log size: 0 ; 
2025/10/31-23:23:23.360690 38c0                         Options.error_if_exists: 0
2025/10/31-23:23:23.360712 38c0                       Options.create_if_missing: 1
2025/10/31-23:23:23.360722 38c0                         Options.paranoid_checks: 1
2025/10/31-23:23:23.360747 38c0             Options.flush_verify_memtable_count: 1
2025/10/31-23:23:23.360754 38c0          Options.compaction_verify_record_count: 1
2025/10/31-23:23:23.360761 38c0                               Options.track_and_verify_wals_in_manifest: 0
2025/10/31-23:23:23.360767 38c0                               Options.track_and_verify_wals: 0
2025/10/31-23:23:23.360773 38c0        Options.verify_sst_unique_id_in_manifest: 1
2025/10/31-23:23:23.360780 38c0                                     Options.env: 000001615889A370
2025/10/31-23:23:23.360787 38c0                                      Options.fs: WinFS
2025/10/31-23:23:23.360794 38c0                                Options.info_log: 000001615893EE30
2025/10/31-23:23:23.360801 38c0                Options.max_file_opening_threads: 16
2025/10/31-23:23:23.360808 38c0                              Options.statistics: 0000016158894720
2025/10/31-23:23:23.360815 38c0                              Options.statistics stats level: 1
2025/10/31-23:23:23.360821 38c0                               Options.use_fsync: 0
2025/10/31-23:23:23.360828 38c0                       Options.max_log_file_size: 0
2025/10/31-23:23:23.360855 38c0                  Options.max_manifest_file_size: 1073741824
2025/10/31-23:23:23.360881 38c0                   Options.log_file_time_to_roll: 0
2025/10/31-23:23:23.360890 38c0                       Options.keep_log_file_num: 1000
2025/10/31-23:23:23.360897 38c0                    Options.recycle_log_file_num: 0
2025/10/31-23:23:23.360904 38c0                         Options.allow_fallocate: 1
2025/10/31-23:23:23.360911 38c0                        Options.allow_mmap_reads: 0
2025/10/31-23:23:23.360917 38c0                       Options.allow_mmap_writes: 0
2025/10/31-23:23:23.360943 38c0                        Options.use_direct_reads: 0
2025/10/31-23:23:23.360950 38c0                        Options.use_direct_io_for_flush_and_compaction: 0
2025/10/31-23:23:23.360957 38c0          Options.create_missing_column_families: 0
2025/10/31-23:23:23.360990 38c0                              Options.db_log_dir: 
2025/10/31-23:23:23.361000 38c0                                 Options.wal_dir: 
2025/10/31-23:23:23.361008 38c0                Options.table_cache_numshardbits: 6
2025/10/31-23:23:23.361015 38c0                         Options.WAL_ttl_seconds: 0
2025/10/31-23:23:23.361022 38c0                       Options.WAL_size_limit_MB: 0
2025/10/31-23:23:23.361029 38c0                        Options.max_write_batch_group_size_bytes: 1048576
2025/10/31-23:23:23.361036 38c0             Options.manifest_preallocation_size: 4194304
2025/10/31-23:23:23.361043 38c0                     Options.is_fd_close_on_exec: 1
2025/10/31-23:23:23.361051 38c0                   Options.advise_random_on_open: 1
2025/10/31-23:23:23.361058 38c0                    Options.db_write_buffer_size: 0
2025/10/31-23:23:23.361075 38c0                    Options.write_buffer_manager: 000001615889A460
2025/10/31-23:23:23.361083 38c0                      Options.use_adaptive_mutex: 0
2025/10/31-23:23:23.361111 38c0                            Options.rate_limiter: 0000000000000000
2025/10/31-23:23:23.361122 38c0     Options.sst_file_manager.rate_bytes_per_sec: 0
2025/10/31-23:23:23.361131 38c0                       Options.wal_recovery_mode: 2
2025/10/31-23:23:23.361139 38c0                  Options.enable_thread_tracking: 0
2025/10/31-23:23:23.361147 38c0                  Options.enable_pipelined_write: 0
2025/10/31-23:23:23.361154 38c0                  Options.unordered_write: 0
2025/10/31-23:23:23.361160 38c0         Options.allow_concurrent_memtable_write: 1
2025/10/31-23:23:23.361185 38c0      Options.enable_write_thread_adaptive_yield: 1
2025/10/31-23:23:23.361191 38c0             Options.write_thread_max_yield_usec: 100
2025/10/31-23:23:23.361198 38c0            Options.write_thread_slow_yield_usec: 3
2025/10/31-23:23:23.361205 38c0                               Options.row_cache: None
2025/10/31-23:23:23.361212 38c0                              Options.wal_filter: None
2025/10/31-23:23:23.361220 38c0             Options.avoid_flush_during_recovery: 0
2025/10/31-23:23:23.361226 38c0             Options.allow_ingest_behind: 0
2025/10/31-23:23:23.361233 38c0             Options.two_write_queues: 0
2025/10/31-23:23:23.361240 38c0             Options.manual_wal_flush: 0
2025/10/31-23:23:23.361246 38c0             Options.wal_compression: 0
2025/10/31-23:23:23.361253 38c0             Options.background_close_inactive_wals: 0
2025/10/31-23:23:23.361260 38c0             Options.atomic_flush: 0
2025/10/31-23:23:23.361269 38c0             Options.avoid_unnecessary_blocking_io: 0
2025/10/31-23:23:23.361277 38c0             Options.prefix_seek_opt_in_only: 0
2025/10/31-23:23:23.361284 38c0                 Options.persist_stats_to_disk: 0
2025/10/31-23:23:23.361290 38c0                 Options.write_dbid_to_manifest: 1
2025/10/31-23:23:23.361297 38c0                 Options.write_identity_file: 1
2025/10/31-23:23:23.361303 38c0                 Options.log_readahead_size: 0
2025/10/31-23:23:23.361310 38c0                 Options.file_checksum_gen_factory: Unknown
2025/10/31-23:23:23.361317 38c0                 Options.best_efforts_recovery: 0
2025/10/31-23:23:23.361324 38c0                Options.max_bgerror_resume_count: 2147483647
2025/10/31-23:23:23.361330 38c0            Options.bgerror_resume_retry_interval: 1000000
2025/10/31-23:23:23.361337 38c0             Options.allow_data_in_errors: 0
2025/10/31-23:23:23.361343 38c0             Options.db_host_id: __hostname__
2025/10/31-23:23:23.361350 38c0             Options.enforce_single_del_contracts: true
2025/10/31-23:23:23.361357 38c0             Options.metadata_write_temperature: kUnknown
2025/10/31-23:23:23.361363 38c0             Options.wal_write_temperature: kUnknown
2025/10/31-23:23:23.361371 38c0             Options.max_background_jobs: 4
2025/10/31-23:23:23.361378 38c0             Options.max_background_compactions: -1
2025/10/31-23:23:23.361385 38c0             Options.max_subcompactions: 1
2025/10/31-23:23:23.361392 38c0             Options.avoid_flush_during_shutdown: 0
2025/10/31-23:23:23.361400 38c0           Options.writable_file_max_buffer_size: 1048576
2025/10/31-23:23:23.361407 38c0             Options.delayed_write_rate : 16777216
2025/10/31-23:23:23.361415 38c0             Options.max_total_wal_size: 0
2025/10/31-23:23:23.361421 38c0             Options.delete_obsolete_files_period_micros: 21600000000
2025/10/31-23:23:23.361429 38c0                   Options.stats_dump_period_sec: 600
2025/10/31-23:23:23.361435 38c0                 Options.stats_persist_period_sec: 600
2025/10/31-23:23:23.361442 38c0                 Options.stats_history_buffer_size: 1048576
2025/10/31-23:23:23.361449 38c0                          Options.max_open_files: -1
2025/10/31-23:23:23.361456 38c0                          Options.bytes_per_sync: 0
2025/10/31-23:23:23.361462 38c0                      Options.wal_bytes_per_sync: 0
2025/10/31-23:23:23.361469 38c0                   Options.strict_bytes_per_sync: 0
2025/10/31-23:23:23.361475 38c0       Options.compaction_readahead_size: 2097152
2025/10/31-23:23:23.361482 38c0                  Options.max_background_flushes: -1
2025/10/31-23:23:23.361490 38c0 Options.daily_offpeak_time_utc: 
2025/10/31-23:23:23.361496 38c0 Compression algorithms supported:
2025/10/31-23:23:23.361505 38c0 	kZSTD supported: 1
2025/10/31-23:23:23.361512 38c0 	kCustomCompressionA3 supported: 0
2025/10/31-23:23:23.361519 38c0 	kSnappyCompression supported: 0
2025/10/31-23:23:23.361546 38c0 	kCustomCompressionA5 supported: 0
2025/10/31-23:23:23.361554 38c0 	kBZip2Compression supported: 0
2025/10/31-23:23:23.361561 38c0 	kZlibCompression supported: 1
2025/10/31-23:23:23.361568 38c0 	kLZ4Compression supported: 1
2025/10/31-23:23:23.361576 38c0 	kXpressCompression supported: 0
2025/10/31-23:23:23.361583 38c0 	kCustomCompressionA7 supported: 0
2025/10/31-23:23:23.361589 38c0 	kLZ4HCCompression supported: 1
2025/10/31-23:23:23.361614 38c0 	kCustomCompressionB2 supported: 0
2025/10/31-23:23:23.361620 38c0 	kCustomCompression9C supported: 0
2025/10/31-23:23:23.361649 38c0 	kCustomCompression80 supported: 0
2025/10/31-23:23:23.361657 38c0 	kCustomCompressionB3 supported: 0
2025/10/31-23:23:23.361664 38c0 	kCustomCompression9B supported: 0
2025/10/31-23:23:23.361671 38c0 	kCustomCompression81 supported: 0
2025/10/31-23:23:23.361678 38c0 	kCustomCompressionB0 supported: 0
2025/10/31-23:23:23.361685 38c0 	kCustomCompression9A supported: 0
2025/10/31-23:23:23.361692 38c0 	kCustomCompression82 supported: 0
2025/10/31-23:23:23.361717 38c0 	kCustomCompressionB1 supported: 0
2025/10/31-23:23:23.361744 38c0 	kCustomCompression83 supported: 0
2025/10/31-23:23:23.361751 38c0 	kCustomCompressionB6 supported: 0
2025/10/31-23:23:23.361758 38c0 	kCustomCompression84 supported: 0
2025/10/31-23:23:23.361765 38c0 	kCustomCompressionB7 supported: 0
2025/10/31-23:23:23.361772 38c0 	kCustomCompression9F supported: 0
2025/10/31-23:23:23.361778 38c0 	kCustomCompression85 supported: 0
2025/10/31-23:23:23.361784 38c0 	kCustomCompressionB4 supported: 0
2025/10/31-23:23:23.361791 38c0 	kCustomCompression9E supported: 0
2025/10/31-23:23:23.361818 38c0 	kCustomCompression86 supported: 0
2025/10/31-23:23:23.361846 38c0 	kCustomCompressionB5 supported: 0
2025/10/31-23:23:23.361853 38c0 	kCustomCompression9D supported: 0
2025/10/31-23:23:23.361860 38c0 	kCustomCompression87 supported: 0
2025/10/31-23:23:23.361866 38c0 	kCustomCompression88 supported: 0
2025/10/31-23:23:23.361873 38c0 	kCustomCompression89 supported: 0
2025/10/31-23:23:23.361879 38c0 	kCustomCompression92 supported: 0
2025/10/31-23:23:23.361885 38c0 	kCustomCompression8A supported: 0
2025/10/31-23:23:23.361893 38c0 	kCustomCompression91 supported: 0
2025/10/31-23:23:23.361901 38c0 	kCustomCompression8B supported: 0
2025/10/31-23:23:23.361908 38c0 	kCustomCompression90 supported: 0
2025/10/31-23:23:23.361915 38c0 	kCustomCompression8C supported: 0
2025/10/31-23:23:23.361922 38c0 	kCustomCompression97 supported: 0
2025/10/31-23:23:23.361929 38c0 	kCustomCompression8D supported: 0
2025/10/31-23:23:23.361936 38c0 	kCustomCompression96 supported: 0
2025/10/31-23:23:23.361944 38c0 	kCustomCompression8E supported: 0
2025/10/31-23:23:23.361953 38c0 	kCustomCompression95 supported: 0
2025/10/31-23:23:23.361961 38c0 	kCustomCompression8F supported: 0
2025/10/31-23:23:23.361968 38c0 	kCustomCompression93 supported: 0
2025/10/31-23:23:23.361975 38c0 	kCustomCompression94 supported: 0
2025/10/31-23:23:23.361981 38c0 	kCustomCompression98 supported: 0
2025/10/31-23:23:23.362006 38c0 	kCustomCompression99 supported: 0
2025/10/31-23:23:23.362033 38c0 	kCustomCompressionA0 supported: 0
2025/10/31-23:23:23.362039 38c0 	kCustomCompressionA1 supported: 0
2025/10/31-23:23:23.362047 38c0 	kCustomCompressionA2 supported: 0
2025/10/31-23:23:23.362054 38c0 	kCustomCompressionA4 supported: 0
2025/10/31-23:23:23.362062 38c0 	kCustomCompressionA6 supported: 0
2025/10/31-23:23:23.362069 38c0 	kCustomCompressionA8 supported: 0
2025/10/31-23:23:23.362076 38c0 	kCustomCompressionA9 supported: 0
2025/10/31-23:23:23.362101 38c0 	kCustomCompressionAA supported: 0
2025/10/31-23:23:23.362107 38c0 	kCustomCompressionAB supported: 0
2025/10/31-23:23:23.362114 38c0 	kCustomCompressionAC supported: 0
2025/10/31-23:23:23.362121 38c0 	kCustomCompressionAD supported: 0
2025/10/31-23:23:23.362128 38c0 	kCustomCompressionAE supported: 0
2025/10/31-23:23:23.362135 38c0 	kCustomCompressionAF supported: 0
2025/10/31-23:23:23.362141 38c0 	kCustomCompressionB8 supported: 0
2025/10/31-23:23:23.362147 38c0 	kCustomCompressionB9 supported: 0
2025/10/31-23:23:23.362154 38c0 	kCustomCompressionBA supported: 0
2025/10/31-23:23:23.362160 38c0 	kCustomCompressionBB supported: 0
2025/10/31-23:23:23.362167 38c0 	kCustomCompressionBC supported: 0
2025/10/31-23:23:23.362174 38c0 	kCustomCompressionBD supported: 0
2025/10/31-23:23:23.362180 38c0 	kCustomCompressionBE supported: 0
2025/10/31-23:23:23.362187 38c0 	kCustomCompressionBF supported: 0
2025/10/31-23:23:23.362193 38c0 	kCustomCompressionC0 supported: 0
2025/10/31-23:23:23.362200 38c0 	kCustomCompressionC1 supported: 0
2025/10/31-23:23:23.362206 38c0 	kCustomCompressionC2 supported: 0
2025/10/31-23:23:23.362213 38c0 	kCustomCompressionC3 supported: 0
2025/10/31-23:23:23.362219 38c0 	kCustomCompressionC4 supported: 0
2025/10/31-23:23:23.362227 38c0 	kCustomCompressionC5 supported: 0
2025/10/31-23:23:23.362233 38c0 	kCustomCompressionC6 supported: 0
2025/10/31-23:23:23.362240 38c0 	kCustomCompressionC7 supported: 0
2025/10/31-23:23:23.362247 38c0 	kCustomCompressionC8 supported: 0
2025/10/31-23:23:23.362253 38c0 	kCustomCompressionC9 supported: 0
2025/10/31-23:23:23.362260 38c0 	kCustomCompressionCA supported: 0
2025/10/31-23:23:23.362266 38c0 	kCustomCompressionCB supported: 0
2025/10/31-23:23:23.362272 38c0 	kCustomCompressionCC supported: 0
2025/10/31-23:23:23.362279 38c0 	kCustomCompressionCD supported: 0
2025/10/31-23:23:23.362286 38c0 	kCustomCompressionCE supported: 0
2025/10/31-23:23:23.362293 38c0 	kCustomCompressionCF supported: 0
2025/10/31-23:23:23.362300 38c0 	kCustomCompressionD0 supported: 0
2025/10/31-23:23:23.362306 38c0 	kCustomCompressionD1 supported: 0
2025/10/31-23:23:23.362312 38c0 	kCustomCompressionD2 supported: 0
2025/10/31-23:23:23.362319 38c0 	kCustomCompressionD3 supported: 0
2025/10/31-23:23:23.362325 38c0 	kCustomCompressionD4 supported: 0
2025/10/31-23:23:23.362354 38c0 	kCustomCompressionD5 supported: 0
2025/10/31-23:23:23.362361 38c0 	kCustomCompressionD6 supported: 0
2025/10/31-23:23:23.362368 38c0 	kCustomCompressionD7 supported: 0
2025/10/31-23:23:23.362374 38c0 	kCustomCompressionD8 supported: 0
2025/10/31-23:23:23.362381 38c0 	kCustomCompressionD9 supported: 0
2025/10/31-23:23:23.362387 38c0 	kCustomCompressionDA supported: 0
2025/10/31-23:23:23.362394 38c0 	kCustomCompressionDB supported: 0
2025/10/31-23:23:23.362401 38c0 	kCustomCompressionDC supported: 0
2025/10/31-23:23:23.362408 38c0 	kCustomCompressionDD supported: 0
2025/10/31-23:23:23.362416 38c0 	kCustomCompressionDE supported: 0
2025/10/31-23:23:23.362423 38c0 	kCustomCompressionDF supported: 0
2025/10/31-23:23:23.362430 38c0 	kCustomCompressionE0 supported: 0
2025/10/31-23:23:23.362466 38c0 	kCustomCompressionE1 supported: 0
2025/10/31-23:23:23.362477 38c0 	kCustomCompressionE2 supported: 0
2025/10/31-23:23:23.362484 38c0 	kCustomCompressionE3 supported: 0
2025/10/31-23:23:23.362492 38c0 	kCustomCompressionE4 supported: 0
2025/10/31-23:23:23.362499 38c0 	kCustomCompressionE5 supported: 0
2025/10/31-23:23:23.362506 38c0 	kCustomCompressionE6 supported: 0
2025/10/31-23:23:23.362513 38c0 	kCustomCompressionE7 supported: 0
2025/10/31-23:23:23.362519 38c0 	kCustomCompressionE8 supported: 0
2025/10/31-23:23:23.362526 38c0 	kCustomCompressionE9 supported: 0
2025/10/31-23:23:23.362533 38c0 	kCustomCompressionEA supported: 0
2025/10/31-23:23:23.362540 38c0 	kCustomCompressionEB supported: 0
2025/10/31-23:23:23.362547 38c0 	kCustomCompressionEC supported: 0
2025/10/31-23:23:23.362555 38c0 	kCustomCompressionED supported: 0
2025/10/31-23:23:23.362562 38c0 	kCustomCompressionEE supported: 0
2025/10/31-23:23:23.362588 38c0 	kCustomCompressionEF supported: 0
2025/10/31-23:23:23.362595 38c0 	kCustomCompressionF0 supported: 0
2025/10/31-23:23:23.362602 38c0 	kCustomCompressionF1 supported: 0
2025/10/31-23:23:23.362609 38c0 	kCustomCompressionF2 supported: 0
2025/10/31-23:23:23.362616 38c0 	kCustomCompressionF3 supported: 0
2025/10/31-23:23:23.362624 38c0 	kCustomCompressionF4 supported: 0
2025/10/31-23:23:23.362632 38c0 	kCustomCompressionF5 supported: 0
2025/10/31-23:23:23.362639 38c0 	kCustomCompressionF6 supported: 0
2025/10/31-23:23:23.362646 38c0 	kCustomCompressionF7 supported: 0
2025/10/31-23:23:23.362653 38c0 	kCustomCompressionF8 supported: 0
2025/10/31-23:23:23.362660 38c0 	kCustomCompressionF9 supported: 0
2025/10/31-23:23:23.362667 38c0 	kCustomCompressionFA supported: 0
2025/10/31-23:23:23.362674 38c0 	kCustomCompressionFB supported: 0
2025/10/31-23:23:23.362682 38c0 	kCustomCompressionFC supported: 0
2025/10/31-23:23:23.362689 38c0 	kCustomCompressionFD supported: 0
2025/10/31-23:23:23.362697 38c0 	kCustomCompressionFE supported: 0
2025/10/31-23:23:23.362708 38c0 Fast CRC32 supported: Not supported on x86
2025/10/31-23:23:23.362717 38c0 DMutex implementation: std::mutex
2025/10/31-23:23:23.362724 38c0 Jemalloc supported: 0
2025/10/31-23:23:23.363426 38c0 [db\version_set.cc:6116] Recovering from manifest file: C:\VCC\themis\data\themis_server/MANIFEST-002778
2025/10/31-23:23:23.364642 38c0 [db\column_family.cc:692] --------------- Options for column family [default]:
2025/10/31-23:23:23.364668 38c0               Options.comparator: leveldb.BytewiseComparator
2025/10/31-23:23:23.364678 38c0           Options.merge_operator: None
2025/10/31-23:23:23.364685 38c0        Options.compaction_filter: None
2025/10/31-23:23:23.364692 38c0        Options.compaction_filter_factory: None
2025/10/31-23:23:23.364699 38c0  Options.sst_partitioner_factory: None
2025/10/31-23:23:23.364706 38c0         Options.memtable_factory: SkipListFactory
2025/10/31-23:23:23.364714 38c0            Options.table_factory: BlockBasedTable
2025/10/31-23:23:23.364751 38c0            table_factory options:   flush_block_policy_factory: FlushBlockBySizePolicyFactory (000001615893B8C0)
  cache_index_and_filter_blocks: 1
  cache_index_and_filter_blocks_with_high_priority: 1
  pin_l0_filter_and_index_blocks_in_cache: 1
  pin_top_level_index_and_filter: 1
  index_type: 0
  data_block_index_type: 0
  index_shortening: 1
  data_block_hash_table_util_ratio: 0.750000
  checksum: 4
  no_block_cache: 0
  block_cache: 000001615894B4E0
  block_cache_name: LRUCache
  block_cache_options:
    capacity : 1073741824
    num_shard_bits : 6
    strict_capacity_limit : 0
    memory_allocator : None
    high_pri_pool_ratio: 0.500
    low_pri_pool_ratio: 0.000
  persistent_cache: 0000000000000000
  block_size: 4096
  block_size_deviation: 10
  block_restart_interval: 16
  index_block_restart_interval: 1
  metadata_block_size: 4096
  partition_filters: 0
  use_delta_encoding: 1
  filter_policy: bloomfilter
  whole_key_filtering: 1
  verify_compression: 0
  read_amp_bytes_per_bit: 0
  format_version: 6
  enable_index_compression: 1
  block_align: 0
  max_auto_readahead_size: 262144
  prepopulate_block_cache: 0
  initial_auto_readahead_size: 8192
  num_file_reads_for_auto_readahead: 2
2025/10/31-23:23:23.364766 38c0        Options.write_buffer_size: 268435456
2025/10/31-23:23:23.364775 38c0  Options.max_write_buffer_number: 3
2025/10/31-23:23:23.364782 38c0          Options.compression: LZ4
2025/10/31-23:23:23.364789 38c0                  Options.bottommost_compression: ZSTD
2025/10/31-23:23:23.364796 38c0       Options.prefix_extractor: nullptr
2025/10/31-23:23:23.364802 38c0   Options.memtable_insert_with_hint_prefix_extractor: nullptr
2025/10/31-23:23:23.364809 38c0             Options.num_levels: 7
2025/10/31-23:23:23.364816 38c0        Options.min_write_buffer_number_to_merge: 1
2025/10/31-23:23:23.364824 38c0     Options.max_write_buffer_size_to_maintain: 805306368
2025/10/31-23:23:23.364831 38c0            Options.bottommost_compression_opts.window_bits: -14
2025/10/31-23:23:23.364838 38c0                  Options.bottommost_compression_opts.level: 32767
2025/10/31-23:23:23.364845 38c0               Options.bottommost_compression_opts.strategy: 0
2025/10/31-23:23:23.364852 38c0         Options.bottommost_compression_opts.max_dict_bytes: 0
2025/10/31-23:23:23.364859 38c0         Options.bottommost_compression_opts.zstd_max_train_bytes: 0
2025/10/31-23:23:23.364866 38c0         Options.bottommost_compression_opts.parallel_threads: 1
2025/10/31-23:23:23.364873 38c0                  Options.bottommost_compression_opts.enabled: false
2025/10/31-23:23:23.364880 38c0         Options.bottommost_compression_opts.max_dict_buffer_bytes: 0
2025/10/31-23:23:23.364887 38c0         Options.bottommost_compression_opts.use_zstd_dict_trainer: true
2025/10/31-23:23:23.364894 38c0            Options.compression_opts.window_bits: -14
2025/10/31-23:23:23.364900 38c0                  Options.compression_opts.level: 32767
2025/10/31-23:23:23.364907 38c0               Options.compression_opts.strategy: 0
2025/10/31-23:23:23.364913 38c0         Options.compression_opts.max_dict_bytes: 0
2025/10/31-23:23:23.364920 38c0         Options.compression_opts.zstd_max_train_bytes: 0
2025/10/31-23:23:23.364928 38c0         Options.compression_opts.use_zstd_dict_trainer: true
2025/10/31-23:23:23.364935 38c0         Options.compression_opts.parallel_threads: 1
2025/10/31-23:23:23.364942 38c0                  Options.compression_opts.enabled: false
2025/10/31-23:23:23.364949 38c0         Options.compression_opts.max_dict_buffer_bytes: 0
2025/10/31-23:23:23.364956 38c0      Options.level0_file_num_compaction_trigger: 4
2025/10/31-23:23:23.364962 38c0          Options.level0_slowdown_writes_trigger: 20
2025/10/31-23:23:23.364969 38c0              Options.level0_stop_writes_trigger: 36
2025/10/31-23:23:23.364976 38c0                   Options.target_file_size_base: 67108864
2025/10/31-23:23:23.364983 38c0             Options.target_file_size_multiplier: 1
2025/10/31-23:23:23.364990 38c0                Options.max_bytes_for_level_base: 268435456
2025/10/31-23:23:23.364998 38c0 Options.level_compaction_dynamic_level_bytes: 1
2025/10/31-23:23:23.365005 38c0          Options.max_bytes_for_level_multiplier: 10.000000
2025/10/31-23:23:23.365012 38c0 Options.max_bytes_for_level_multiplier_addtl[0]: 1
2025/10/31-23:23:23.365019 38c0 Options.max_bytes_for_level_multiplier_addtl[1]: 1
2025/10/31-23:23:23.365025 38c0 Options.max_bytes_for_level_multiplier_addtl[2]: 1
2025/10/31-23:23:23.365032 38c0 Options.max_bytes_for_level_multiplier_addtl[3]: 1
2025/10/31-23:23:23.365040 38c0 Options.max_bytes_for_level_multiplier_addtl[4]: 1
2025/10/31-23:23:23.365047 38c0 Options.max_bytes_for_level_multiplier_addtl[5]: 1
2025/10/31-23:23:23.365054 38c0 Options.max_bytes_for_level_multiplier_addtl[6]: 1
2025/10/31-23:23:23.365061 38c0       Options.max_sequential_skip_in_iterations: 8
2025/10/31-23:23:23.365067 38c0          Options.memtable_op_scan_flush_trigger: 0
2025/10/31-23:23:23.365074 38c0      Options.memtable_avg_op_scan_flush_trigger: 0
2025/10/31-23:23:23.365080 38c0                    Options.max_compaction_bytes: 1677721600
2025/10/31-23:23:23.365091 38c0                        Options.arena_block_size: 1048576
2025/10/31-23:23:23.365100 38c0   Options.soft_pending_compaction_bytes_limit: 68719476736
2025/10/31-23:23:23.365108 38c0   Options.hard_pending_compaction_bytes_limit: 274877906944
2025/10/31-23:23:23.365116 38c0                Options.disable_auto_compactions: 1
2025/10/31-23:23:23.365123 38c0                        Options.compaction_style: kCompactionStyleLevel
2025/10/31-23:23:23.365131 38c0                          Options.compaction_pri: kMinOverlappingRatio
2025/10/31-23:23:23.365137 38c0 Options.compaction_options_universal.size_ratio: 1
2025/10/31-23:23:23.365144 38c0 Options.compaction_options_universal.min_merge_width: 2
2025/10/31-23:23:23.365151 38c0 Options.compaction_options_universal.max_merge_width: 4294967295
2025/10/31-23:23:23.365159 38c0 Options.compaction_options_universal.max_size_amplification_percent: 200
2025/10/31-23:23:23.365166 38c0 Options.compaction_options_universal.compression_size_percent: -1
2025/10/31-23:23:23.365186 38c0 Options.compaction_options_universal.stop_style: kCompactionStopStyleTotalSize
2025/10/31-23:23:23.365195 38c0 Options.compaction_options_universal.max_read_amp: -1
2025/10/31-23:23:23.365202 38c0 Options.compaction_options_universal.reduce_file_locking: 0
2025/10/31-23:23:23.365208 38c0 Options.compaction_options_fifo.max_table_files_size: 1073741824
2025/10/31-23:23:23.365216 38c0 Options.compaction_options_fifo.allow_compaction: 0
2025/10/31-23:23:23.365227 38c0                   Options.table_properties_collectors: 
2025/10/31-23:23:23.365235 38c0                   Options.inplace_update_support: 0
2025/10/31-23:23:23.365242 38c0                 Options.inplace_update_num_locks: 10000
2025/10/31-23:23:23.365249 38c0               Options.memtable_prefix_bloom_size_ratio: 0.000000
2025/10/31-23:23:23.365256 38c0               Options.memtable_whole_key_filtering: 0
2025/10/31-23:23:23.365263 38c0   Options.memtable_huge_page_size: 0
2025/10/31-23:23:23.365269 38c0                           Options.bloom_locality: 0
2025/10/31-23:23:23.365277 38c0                    Options.max_successive_merges: 0
2025/10/31-23:23:23.365284 38c0             Options.strict_max_successive_merges: 0
2025/10/31-23:23:23.365291 38c0                Options.optimize_filters_for_hits: 0
2025/10/31-23:23:23.365298 38c0                Options.paranoid_file_checks: 0
2025/10/31-23:23:23.365305 38c0                Options.force_consistency_checks: 1
2025/10/31-23:23:23.365312 38c0                Options.report_bg_io_stats: 0
2025/10/31-23:23:23.365318 38c0                Options.disallow_memtable_writes: 0
2025/10/31-23:23:23.365325 38c0                               Options.ttl: 2592000
2025/10/31-23:23:23.365332 38c0          Options.periodic_compaction_seconds: 0
2025/10/31-23:23:23.365340 38c0                        Options.default_temperature: kUnknown
2025/10/31-23:23:23.365348 38c0  Options.preclude_last_level_data_seconds: 0
2025/10/31-23:23:23.365354 38c0    Options.preserve_internal_time_seconds: 0
2025/10/31-23:23:23.365361 38c0                       Options.enable_blob_files: false
2025/10/31-23:23:23.365367 38c0                           Options.min_blob_size: 0
2025/10/31-23:23:23.365374 38c0                          Options.blob_file_size: 268435456
2025/10/31-23:23:23.365381 38c0                   Options.blob_compression_type: NoCompression
2025/10/31-23:23:23.365389 38c0          Options.enable_blob_garbage_collection: false
2025/10/31-23:23:23.365396 38c0      Options.blob_garbage_collection_age_cutoff: 0.250000
2025/10/31-23:23:23.365404 38c0 Options.blob_garbage_collection_force_threshold: 1.000000
2025/10/31-23:23:23.365412 38c0          Options.blob_compaction_readahead_size: 0
2025/10/31-23:23:23.365418 38c0                Options.blob_file_starting_level: 0
2025/10/31-23:23:23.365425 38c0         Options.experimental_mempurge_threshold: 0.000000
2025/10/31-23:23:23.365440 38c0            Options.memtable_max_range_deletions: 0
2025/10/31-23:23:23.366901 38c0 [db\version_set.cc:6174] Recovered from manifest file:C:\VCC\themis\data\themis_server/MANIFEST-002778 succeeded,manifest_file_number is 2778, next_file_number is 2780, last_sequence is 246, log_number is 2772,prev_log_number is 0,max_column_family is 0,min_log_number_to_keep is 0
2025/10/31-23:23:23.366921 38c0 [db\version_set.cc:6183] Column family [default] (ID 0), log number is 2772
2025/10/31-23:23:23.367109 38c0 [db\db_impl\db_impl_open.cc:692] DB ID: 91529813-b413-11f0-8e09-b42e99fe92b3
2025/10/31-23:23:23.368979 38c0 EVENT_LOG_v1 {"time_micros": 1761949403368827, "job": 1, "event": "recovery_started", "wal_files": [4, 10, 16, 22, 28, 34, 40, 46, 52, 58, 64, 70, 76, 82, 88, 94, 100, 106, 113, 120, 126, 133, 139, 145, 151, 157, 163, 169, 175, 181, 187, 193, 200, 208, 214, 221, 229, 235, 241, 247, 253, 259, 265, 271, 277, 283, 290, 297, 306, 313, 320, 326, 332, 338, 344, 350, 356, 362, 368, 374, 381, 388, 397, 404, 411, 417, 423, 429, 435, 441, 447, 453, 459, 465, 472, 482, 491, 498, 504, 510, 516, 522, 528, 534, 540, 546, 552, 558, 565, 572, 578, 585, 592, 598, 604, 610, 616, 622, 628, 634, 640, 646, 653, 663, 669, 676, 683, 689, 695, 701, 707, 713, 719, 725, 731, 737, 744, 751, 759, 766, 773, 779, 785, 791, 797, 803, 809, 815, 821, 827, 834, 844, 852, 859, 865, 871, 877, 883, 889, 895, 901, 907, 913, 919, 926, 933, 939, 946, 953, 959, 965, 971, 977, 983, 989, 995, 1001, 1007, 1014, 1023, 1029, 1036, 1043, 1049, 1055, 1061, 1067, 1073, 1079, 1085, 1091, 1097, 1104, 1111, 1119, 1126, 1133, 1139, 1145, 1151, 1157, 1163, 1169, 1175, 1181, 1187, 1193, 1200, 1209, 1217, 1224, 1230, 1236, 1242, 1248, 1254, 1260, 1266, 1272, 1278, 1284, 1291, 1298, 1304, 1311, 1318, 1324, 1330, 1336, 1342, 1348, 1354, 1360, 1366, 1372, 1379, 1388, 1394, 1401, 1408, 1414, 1420, 1426, 1432, 1438, 1444, 1450, 1456, 1462, 1469, 1476, 1484, 1491, 1498, 1504, 1510, 1516, 1523, 1532, 1538, 1544, 1550, 1556, 1562, 1568, 1574, 1580, 1586, 1592, 1598, 1604, 1610, 1616, 1622, 1628, 1634, 1640, 1646, 1652, 1658, 1664, 1670, 1676, 1683, 1690, 1696, 1703, 1711, 1717, 1723, 1729, 1735, 1741, 1747, 1753, 1759, 1765, 1771, 1778, 1785, 1791, 1798, 1804, 1810, 1816, 1822, 1828, 1834, 1840, 1846, 1852, 1858, 1864, 1870, 1876, 1882, 1888, 1894, 1900, 1906, 1912, 1919, 1929, 1935, 1942, 1948, 1954, 1960, 1966, 1972, 1978, 1984, 1991, 1997, 2003, 2009, 2015, 2021, 2027, 2034, 2043, 2051, 2058, 2064, 2070, 2076, 2082, 2088, 2094, 2100, 2107, 2114, 2121, 2129, 2135, 2141, 2147, 2153, 2159, 2165, 2172, 2178, 2184, 2190, 2196, 2203, 2209, 2215, 2221, 2227, 2233, 2239, 2245, 2252, 2259, 2267, 2274, 2282, 2288, 2294, 2300, 2307, 2314, 2321, 2327, 2333, 2339, 2345, 2351, 2357, 2363, 2370, 2380, 2386, 2393, 2399, 2405, 2411, 2417, 2423, 2429, 2435, 2441, 2447, 2453, 2459, 2466, 2473, 2481, 2488, 2494, 2500, 2506, 2512, 2518, 2524, 2530, 2536, 2542, 2548, 2554, 2561, 2568, 2574, 2581, 2589, 2595, 2601, 2607, 2613, 2619, 2625, 2631, 2637, 2643, 2649, 2656, 2663, 2669, 2676, 2682, 2688, 2694, 2700, 2706, 2712, 2718, 2724, 2730, 2736, 2742, 2749, 2758, 2764, 2771, 2777]}
