2025/10/30-10:56:05.336181 6dd0 RocksDB version: 10.4.2
2025/10/30-10:56:05.336331 6dd0 Git sha 0
2025/10/30-10:56:05.336396 6dd0 Compile date 2025-10-27 15:09:02
2025/10/30-10:56:05.336434 6dd0 DB SUMMARY
2025/10/30-10:56:05.336470 6dd0 Host name (Env):  DESKTOP-712S8LO
2025/10/30-10:56:05.336515 6dd0 DB Session ID:  8N8KDS7KMW23XGYRLPXK
2025/10/30-10:56:05.358351 6dd0 CURRENT file:  CURRENT
2025/10/30-10:56:05.358396 6dd0 IDENTITY file:  IDENTITY
2025/10/30-10:56:05.358467 6dd0 MANIFEST file:  MANIFEST-002108 size: 732 Bytes
2025/10/30-10:56:05.358489 6dd0 SST files in C:\VCC\themis\data\themis_server dir, Total Num: 4, files: 002039.sst 002048.sst 002057.sst 002106.sst 
2025/10/30-10:56:05.358523 6dd0 Write Ahead Log file in C:\VCC\themis\data\themis_server: 000004.log size: 0 ; 000010.log size: 0 ; 000016.log size: 0 ; 000022.log size: 0 ; 000028.log size: 0 ; 000034.log size: 0 ; 000040.log size: 0 ; 000046.log size: 0 ; 000052.log size: 0 ; 000058.log size: 0 ; 000064.log size: 0 ; 000070.log size: 0 ; 000076.log size: 0 ; 000082.log size: 0 ; 000088.log size: 0 ; 000094.log size: 0 ; 000100.log size: 0 ; 000106.log size: 42 ; 000113.log size: 90 ; 000120.log size: 0 ; 000126.log size: 86 ; 000133.log size: 0 ; 000139.log size: 0 ; 000145.log size: 0 ; 000151.log size: 0 ; 000157.log size: 0 ; 000163.log size: 0 ; 000169.log size: 0 ; 000175.log size: 0 ; 000181.log size: 0 ; 000187.log size: 0 ; 000193.log size: 42 ; 000200.log size: 90 ; 000208.log size: 0 ; 000214.log size: 86 ; 000221.log size: 0 ; 000229.log size: 0 ; 000235.log size: 0 ; 000241.log size: 0 ; 000247.log size: 0 ; 000253.log size: 0 ; 000259.log size: 0 ; 000265.log size: 0 ; 000271.log size: 0 ; 000277.log size: 0 ; 000283.log size: 42 ; 000290.log size: 90 ; 000297.log size: 0 ; 000306.log size: 86 ; 000313.log size: 0 ; 000320.log size: 0 ; 000326.log size: 0 ; 000332.log size: 0 ; 000338.log size: 0 ; 000344.log size: 0 ; 000350.log size: 0 ; 000356.log size: 0 ; 000362.log size: 0 ; 000368.log size: 0 ; 000374.log size: 42 ; 000381.log size: 90 ; 000388.log size: 0 ; 000397.log size: 86 ; 000404.log size: 0 ; 000411.log size: 0 ; 000417.log size: 0 ; 000423.log size: 0 ; 000429.log size: 0 ; 000435.log size: 0 ; 000441.log size: 0 ; 000447.log size: 0 ; 000453.log size: 0 ; 000459.log size: 0 ; 000465.log size: 42 ; 000472.log size: 90 ; 000482.log size: 0 ; 000491.log size: 86 ; 000498.log size: 0 ; 000504.log size: 0 ; 000510.log size: 0 ; 000516.log size: 0 ; 000522.log size: 0 ; 000528.log size: 0 ; 000534.log size: 0 ; 000540.log size: 0 ; 000546.log size: 0 ; 000552.log size: 0 ; 000558.log size: 42 ; 000565.log size: 90 ; 000572.log size: 0 ; 000578.log size: 86 ; 000585.log size: 0 ; 000592.log size: 0 ; 000598.log size: 0 ; 000604.log size: 0 ; 000610.log size: 0 ; 000616.log size: 0 ; 000622.log size: 0 ; 000628.log size: 0 ; 000634.log size: 0 ; 000640.log size: 0 ; 000646.log size: 42 ; 000653.log size: 90 ; 000663.log size: 0 ; 000669.log size: 86 ; 000676.log size: 0 ; 000683.log size: 0 ; 000689.log size: 0 ; 000695.log size: 0 ; 000701.log size: 0 ; 000707.log size: 0 ; 000713.log size: 0 ; 000719.log size: 0 ; 000725.log size: 0 ; 000731.log size: 0 ; 000737.log size: 42 ; 000744.log size: 90 ; 000751.log size: 0 ; 000759.log size: 86 ; 000766.log size: 0 ; 000773.log size: 0 ; 000779.log size: 0 ; 000785.log size: 0 ; 000791.log size: 0 ; 000797.log size: 0 ; 000803.log size: 0 ; 000809.log size: 0 ; 000815.log size: 0 ; 000821.log size: 0 ; 000827.log size: 42 ; 000834.log size: 90 ; 000844.log size: 0 ; 000852.log size: 86 ; 000859.log size: 0 ; 000865.log size: 0 ; 000871.log size: 0 ; 000877.log size: 0 ; 000883.log size: 0 ; 000889.log size: 0 ; 000895.log size: 0 ; 000901.log size: 0 ; 000907.log size: 0 ; 000913.log size: 0 ; 000919.log size: 42 ; 000926.log size: 90 ; 000933.log size: 0 ; 000939.log size: 86 ; 000946.log size: 0 ; 000953.log size: 0 ; 000959.log size: 0 ; 000965.log size: 0 ; 000971.log size: 0 ; 000977.log size: 0 ; 000983.log size: 0 ; 000989.log size: 0 ; 000995.log size: 0 ; 001001.log size: 0 ; 001007.log size: 42 ; 001014.log size: 90 ; 001023.log size: 0 ; 001029.log size: 86 ; 001036.log size: 0 ; 001043.log size: 0 ; 001049.log size: 0 ; 001055.log size: 0 ; 001061.log size: 0 ; 001067.log size: 0 ; 001073.log size: 0 ; 001079.log size: 0 ; 001085.log size: 0 ; 001091.log size: 0 ; 001097.log size: 42 ; 001104.log size: 90 ; 001111.log size: 0 ; 001119.log size: 86 ; 001126.log size: 0 ; 001133.log size: 0 ; 001139.log size: 0 ; 001145.log size: 0 ; 001151.log size: 0 ; 001157.log size: 0 ; 001163.log size: 0 ; 001169.log size: 0 ; 001175.log size: 0 ; 001181.log size: 0 ; 001187.log size: 0 ; 001193.log size: 42 ; 001200.log size: 90 ; 001209.log size: 0 ; 001217.log size: 86 ; 001224.log size: 0 ; 001230.log size: 0 ; 001236.log size: 0 ; 001242.log size: 0 ; 001248.log size: 0 ; 001254.log size: 0 ; 001260.log size: 0 ; 001266.log size: 0 ; 001272.log size: 0 ; 001278.log size: 0 ; 001284.log size: 42 ; 001291.log size: 90 ; 001298.log size: 0 ; 001304.log size: 86 ; 001311.log size: 0 ; 001318.log size: 0 ; 001324.log size: 0 ; 001330.log size: 0 ; 001336.log size: 0 ; 001342.log size: 0 ; 001348.log size: 0 ; 001354.log size: 0 ; 001360.log size: 0 ; 001366.log size: 0 ; 001372.log size: 42 ; 001379.log size: 90 ; 001388.log size: 0 ; 001394.log size: 86 ; 001401.log size: 0 ; 001408.log size: 0 ; 001414.log size: 0 ; 001420.log size: 0 ; 001426.log size: 0 ; 001432.log size: 0 ; 001438.log size: 0 ; 001444.log size: 0 ; 001450.log size: 0 ; 001456.log size: 0 ; 001462.log size: 42 ; 001469.log size: 90 ; 001476.log size: 0 ; 001484.log size: 86 ; 001491.log size: 0 ; 001498.log size: 0 ; 001504.log size: 0 ; 001510.log size: 0 ; 001516.log size: 244 ; 001523.log size: 876 ; 001532.log size: 0 ; 001538.log size: 0 ; 001544.log size: 0 ; 001550.log size: 0 ; 001556.log size: 0 ; 001562.log size: 0 ; 001568.log size: 0 ; 001574.log size: 0 ; 001580.log size: 0 ; 001586.log size: 0 ; 001592.log size: 0 ; 001598.log size: 0 ; 001604.log size: 0 ; 001610.log size: 0 ; 001616.log size: 0 ; 001622.log size: 0 ; 001628.log size: 0 ; 001634.log size: 0 ; 001640.log size: 0 ; 001646.log size: 0 ; 001652.log size: 0 ; 001658.log size: 0 ; 001664.log size: 0 ; 001670.log size: 0 ; 001676.log size: 42 ; 001683.log size: 90 ; 001690.log size: 0 ; 001696.log size: 86 ; 001703.log size: 0 ; 001711.log size: 0 ; 001717.log size: 0 ; 001723.log size: 0 ; 001729.log size: 0 ; 001735.log size: 0 ; 001741.log size: 0 ; 001747.log size: 0 ; 001753.log size: 0 ; 001759.log size: 0 ; 001765.log size: 0 ; 001771.log size: 42 ; 001778.log size: 90 ; 001785.log size: 0 ; 001791.log size: 86 ; 001798.log size: 0 ; 001804.log size: 0 ; 001810.log size: 0 ; 001816.log size: 0 ; 001822.log size: 0 ; 001828.log size: 0 ; 001834.log size: 0 ; 001840.log size: 0 ; 001846.log size: 0 ; 001852.log size: 0 ; 001858.log size: 0 ; 001864.log size: 0 ; 001870.log size: 0 ; 001876.log size: 0 ; 001882.log size: 0 ; 001888.log size: 0 ; 001894.log size: 0 ; 001900.log size: 0 ; 001906.log size: 0 ; 001912.log size: 42 ; 001919.log size: 90 ; 001929.log size: 0 ; 001935.log size: 86 ; 001942.log size: 0 ; 001948.log size: 0 ; 001954.log size: 0 ; 001960.log size: 0 ; 001966.log size: 0 ; 001972.log size: 0 ; 001978.log size: 0 ; 001984.log size: 167 ; 001991.log size: 0 ; 001997.log size: 0 ; 002003.log size: 0 ; 002009.log size: 0 ; 002015.log size: 0 ; 002021.log size: 0 ; 002027.log size: 42 ; 002034.log size: 90 ; 002043.log size: 0 ; 002051.log size: 86 ; 002058.log size: 0 ; 002064.log size: 0 ; 002070.log size: 0 ; 002076.log size: 0 ; 002082.log size: 0 ; 002088.log size: 0 ; 002094.log size: 0 ; 002100.log size: 839 ; 002107.log size: 1133 ; 
2025/10/30-10:56:05.358747 6dd0                         Options.error_if_exists: 0
2025/10/30-10:56:05.358762 6dd0                       Options.create_if_missing: 1
2025/10/30-10:56:05.358769 6dd0                         Options.paranoid_checks: 1
2025/10/30-10:56:05.358775 6dd0             Options.flush_verify_memtable_count: 1
2025/10/30-10:56:05.358781 6dd0          Options.compaction_verify_record_count: 1
2025/10/30-10:56:05.358809 6dd0                               Options.track_and_verify_wals_in_manifest: 0
2025/10/30-10:56:05.358837 6dd0                               Options.track_and_verify_wals: 0
2025/10/30-10:56:05.358843 6dd0        Options.verify_sst_unique_id_in_manifest: 1
2025/10/30-10:56:05.358849 6dd0                                     Options.env: 000002C19E5BFC50
2025/10/30-10:56:05.358856 6dd0                                      Options.fs: WinFS
2025/10/30-10:56:05.358862 6dd0                                Options.info_log: 000002C19E65BFC0
2025/10/30-10:56:05.358868 6dd0                Options.max_file_opening_threads: 16
2025/10/30-10:56:05.358874 6dd0                              Options.statistics: 000002C19E65D740
2025/10/30-10:56:05.358880 6dd0                              Options.statistics stats level: 1
2025/10/30-10:56:05.358887 6dd0                               Options.use_fsync: 0
2025/10/30-10:56:05.358893 6dd0                       Options.max_log_file_size: 0
2025/10/30-10:56:05.358899 6dd0                  Options.max_manifest_file_size: 1073741824
2025/10/30-10:56:05.358905 6dd0                   Options.log_file_time_to_roll: 0
2025/10/30-10:56:05.358911 6dd0                       Options.keep_log_file_num: 1000
2025/10/30-10:56:05.358917 6dd0                    Options.recycle_log_file_num: 0
2025/10/30-10:56:05.358923 6dd0                         Options.allow_fallocate: 1
2025/10/30-10:56:05.358928 6dd0                        Options.allow_mmap_reads: 0
2025/10/30-10:56:05.358935 6dd0                       Options.allow_mmap_writes: 0
2025/10/30-10:56:05.358942 6dd0                        Options.use_direct_reads: 0
2025/10/30-10:56:05.358948 6dd0                        Options.use_direct_io_for_flush_and_compaction: 0
2025/10/30-10:56:05.358971 6dd0          Options.create_missing_column_families: 0
2025/10/30-10:56:05.358976 6dd0                              Options.db_log_dir: 
2025/10/30-10:56:05.358982 6dd0                                 Options.wal_dir: 
2025/10/30-10:56:05.358988 6dd0                Options.table_cache_numshardbits: 6
2025/10/30-10:56:05.358993 6dd0                         Options.WAL_ttl_seconds: 0
2025/10/30-10:56:05.359000 6dd0                       Options.WAL_size_limit_MB: 0
2025/10/30-10:56:05.359006 6dd0                        Options.max_write_batch_group_size_bytes: 1048576
2025/10/30-10:56:05.359012 6dd0             Options.manifest_preallocation_size: 4194304
2025/10/30-10:56:05.359018 6dd0                     Options.is_fd_close_on_exec: 1
2025/10/30-10:56:05.359024 6dd0                   Options.advise_random_on_open: 1
2025/10/30-10:56:05.359030 6dd0                    Options.db_write_buffer_size: 0
2025/10/30-10:56:05.359035 6dd0                    Options.write_buffer_manager: 000002C19E5C0790
2025/10/30-10:56:05.359041 6dd0                      Options.use_adaptive_mutex: 0
2025/10/30-10:56:05.359047 6dd0                            Options.rate_limiter: 0000000000000000
2025/10/30-10:56:05.359065 6dd0     Options.sst_file_manager.rate_bytes_per_sec: 0
2025/10/30-10:56:05.359074 6dd0                       Options.wal_recovery_mode: 2
2025/10/30-10:56:05.359080 6dd0                  Options.enable_thread_tracking: 0
2025/10/30-10:56:05.359085 6dd0                  Options.enable_pipelined_write: 0
2025/10/30-10:56:05.359091 6dd0                  Options.unordered_write: 0
2025/10/30-10:56:05.359097 6dd0         Options.allow_concurrent_memtable_write: 1
2025/10/30-10:56:05.359104 6dd0      Options.enable_write_thread_adaptive_yield: 1
2025/10/30-10:56:05.359110 6dd0             Options.write_thread_max_yield_usec: 100
2025/10/30-10:56:05.359115 6dd0            Options.write_thread_slow_yield_usec: 3
2025/10/30-10:56:05.359121 6dd0                               Options.row_cache: None
2025/10/30-10:56:05.359126 6dd0                              Options.wal_filter: None
2025/10/30-10:56:05.359132 6dd0             Options.avoid_flush_during_recovery: 0
2025/10/30-10:56:05.359138 6dd0             Options.allow_ingest_behind: 0
2025/10/30-10:56:05.359146 6dd0             Options.two_write_queues: 0
2025/10/30-10:56:05.359153 6dd0             Options.manual_wal_flush: 0
2025/10/30-10:56:05.359159 6dd0             Options.wal_compression: 0
2025/10/30-10:56:05.359166 6dd0             Options.background_close_inactive_wals: 0
2025/10/30-10:56:05.359171 6dd0             Options.atomic_flush: 0
2025/10/30-10:56:05.359177 6dd0             Options.avoid_unnecessary_blocking_io: 0
2025/10/30-10:56:05.359182 6dd0             Options.prefix_seek_opt_in_only: 0
2025/10/30-10:56:05.359188 6dd0                 Options.persist_stats_to_disk: 0
2025/10/30-10:56:05.359194 6dd0                 Options.write_dbid_to_manifest: 1
2025/10/30-10:56:05.359200 6dd0                 Options.write_identity_file: 1
2025/10/30-10:56:05.359207 6dd0                 Options.log_readahead_size: 0
2025/10/30-10:56:05.359212 6dd0                 Options.file_checksum_gen_factory: Unknown
2025/10/30-10:56:05.359218 6dd0                 Options.best_efforts_recovery: 0
2025/10/30-10:56:05.359224 6dd0                Options.max_bgerror_resume_count: 2147483647
2025/10/30-10:56:05.359229 6dd0            Options.bgerror_resume_retry_interval: 1000000
2025/10/30-10:56:05.359235 6dd0             Options.allow_data_in_errors: 0
2025/10/30-10:56:05.359241 6dd0             Options.db_host_id: __hostname__
2025/10/30-10:56:05.359248 6dd0             Options.enforce_single_del_contracts: true
2025/10/30-10:56:05.359254 6dd0             Options.metadata_write_temperature: kUnknown
2025/10/30-10:56:05.359260 6dd0             Options.wal_write_temperature: kUnknown
2025/10/30-10:56:05.359266 6dd0             Options.max_background_jobs: 4
2025/10/30-10:56:05.359271 6dd0             Options.max_background_compactions: -1
2025/10/30-10:56:05.359277 6dd0             Options.max_subcompactions: 1
2025/10/30-10:56:05.359283 6dd0             Options.avoid_flush_during_shutdown: 0
2025/10/30-10:56:05.359289 6dd0           Options.writable_file_max_buffer_size: 1048576
2025/10/30-10:56:05.359296 6dd0             Options.delayed_write_rate : 16777216
2025/10/30-10:56:05.359301 6dd0             Options.max_total_wal_size: 0
2025/10/30-10:56:05.359307 6dd0             Options.delete_obsolete_files_period_micros: 21600000000
2025/10/30-10:56:05.359313 6dd0                   Options.stats_dump_period_sec: 600
2025/10/30-10:56:05.359318 6dd0                 Options.stats_persist_period_sec: 600
2025/10/30-10:56:05.359324 6dd0                 Options.stats_history_buffer_size: 1048576
2025/10/30-10:56:05.359329 6dd0                          Options.max_open_files: -1
2025/10/30-10:56:05.359336 6dd0                          Options.bytes_per_sync: 0
2025/10/30-10:56:05.359342 6dd0                      Options.wal_bytes_per_sync: 0
2025/10/30-10:56:05.359348 6dd0                   Options.strict_bytes_per_sync: 0
2025/10/30-10:56:05.359354 6dd0       Options.compaction_readahead_size: 2097152
2025/10/30-10:56:05.359360 6dd0                  Options.max_background_flushes: -1
2025/10/30-10:56:05.359365 6dd0 Options.daily_offpeak_time_utc: 
2025/10/30-10:56:05.359371 6dd0 Compression algorithms supported:
2025/10/30-10:56:05.359377 6dd0 	kZSTD supported: 1
2025/10/30-10:56:05.359383 6dd0 	kCustomCompressionA3 supported: 0
2025/10/30-10:56:05.359390 6dd0 	kSnappyCompression supported: 0
2025/10/30-10:56:05.359396 6dd0 	kCustomCompressionA5 supported: 0
2025/10/30-10:56:05.359402 6dd0 	kBZip2Compression supported: 0
2025/10/30-10:56:05.359408 6dd0 	kZlibCompression supported: 1
2025/10/30-10:56:05.359413 6dd0 	kLZ4Compression supported: 1
2025/10/30-10:56:05.359419 6dd0 	kXpressCompression supported: 0
2025/10/30-10:56:05.359424 6dd0 	kCustomCompressionA7 supported: 0
2025/10/30-10:56:05.359431 6dd0 	kLZ4HCCompression supported: 1
2025/10/30-10:56:05.359437 6dd0 	kCustomCompressionB2 supported: 0
2025/10/30-10:56:05.359442 6dd0 	kCustomCompression9C supported: 0
2025/10/30-10:56:05.359448 6dd0 	kCustomCompression80 supported: 0
2025/10/30-10:56:05.359453 6dd0 	kCustomCompressionB3 supported: 0
2025/10/30-10:56:05.359459 6dd0 	kCustomCompression9B supported: 0
2025/10/30-10:56:05.359485 6dd0 	kCustomCompression81 supported: 0
2025/10/30-10:56:05.359493 6dd0 	kCustomCompressionB0 supported: 0
2025/10/30-10:56:05.359500 6dd0 	kCustomCompression9A supported: 0
2025/10/30-10:56:05.359506 6dd0 	kCustomCompression82 supported: 0
2025/10/30-10:56:05.359512 6dd0 	kCustomCompressionB1 supported: 0
2025/10/30-10:56:05.359519 6dd0 	kCustomCompression83 supported: 0
2025/10/30-10:56:05.359524 6dd0 	kCustomCompressionB6 supported: 0
2025/10/30-10:56:05.359530 6dd0 	kCustomCompression84 supported: 0
2025/10/30-10:56:05.359536 6dd0 	kCustomCompressionB7 supported: 0
2025/10/30-10:56:05.359541 6dd0 	kCustomCompression9F supported: 0
2025/10/30-10:56:05.359548 6dd0 	kCustomCompression85 supported: 0
2025/10/30-10:56:05.359554 6dd0 	kCustomCompressionB4 supported: 0
2025/10/30-10:56:05.359560 6dd0 	kCustomCompression9E supported: 0
2025/10/30-10:56:05.359566 6dd0 	kCustomCompression86 supported: 0
2025/10/30-10:56:05.359572 6dd0 	kCustomCompressionB5 supported: 0
2025/10/30-10:56:05.359578 6dd0 	kCustomCompression9D supported: 0
2025/10/30-10:56:05.359583 6dd0 	kCustomCompression87 supported: 0
2025/10/30-10:56:05.359589 6dd0 	kCustomCompression88 supported: 0
2025/10/30-10:56:05.359595 6dd0 	kCustomCompression89 supported: 0
2025/10/30-10:56:05.359602 6dd0 	kCustomCompression92 supported: 0
2025/10/30-10:56:05.359607 6dd0 	kCustomCompression8A supported: 0
2025/10/30-10:56:05.359613 6dd0 	kCustomCompression91 supported: 0
2025/10/30-10:56:05.359618 6dd0 	kCustomCompression8B supported: 0
2025/10/30-10:56:05.359624 6dd0 	kCustomCompression90 supported: 0
2025/10/30-10:56:05.359630 6dd0 	kCustomCompression8C supported: 0
2025/10/30-10:56:05.359635 6dd0 	kCustomCompression97 supported: 0
2025/10/30-10:56:05.359642 6dd0 	kCustomCompression8D supported: 0
2025/10/30-10:56:05.359648 6dd0 	kCustomCompression96 supported: 0
2025/10/30-10:56:05.359654 6dd0 	kCustomCompression8E supported: 0
2025/10/30-10:56:05.359660 6dd0 	kCustomCompression95 supported: 0
2025/10/30-10:56:05.359666 6dd0 	kCustomCompression8F supported: 0
2025/10/30-10:56:05.359671 6dd0 	kCustomCompression93 supported: 0
2025/10/30-10:56:05.359677 6dd0 	kCustomCompression94 supported: 0
2025/10/30-10:56:05.359682 6dd0 	kCustomCompression98 supported: 0
2025/10/30-10:56:05.359689 6dd0 	kCustomCompression99 supported: 0
2025/10/30-10:56:05.359695 6dd0 	kCustomCompressionA0 supported: 0
2025/10/30-10:56:05.359701 6dd0 	kCustomCompressionA1 supported: 0
2025/10/30-10:56:05.359707 6dd0 	kCustomCompressionA2 supported: 0
2025/10/30-10:56:05.359713 6dd0 	kCustomCompressionA4 supported: 0
2025/10/30-10:56:05.359719 6dd0 	kCustomCompressionA6 supported: 0
2025/10/30-10:56:05.359724 6dd0 	kCustomCompressionA8 supported: 0
2025/10/30-10:56:05.359730 6dd0 	kCustomCompressionA9 supported: 0
2025/10/30-10:56:05.359736 6dd0 	kCustomCompressionAA supported: 0
2025/10/30-10:56:05.359743 6dd0 	kCustomCompressionAB supported: 0
2025/10/30-10:56:05.359749 6dd0 	kCustomCompressionAC supported: 0
2025/10/30-10:56:05.359755 6dd0 	kCustomCompressionAD supported: 0
2025/10/30-10:56:05.359760 6dd0 	kCustomCompressionAE supported: 0
2025/10/30-10:56:05.359766 6dd0 	kCustomCompressionAF supported: 0
2025/10/30-10:56:05.359772 6dd0 	kCustomCompressionB8 supported: 0
2025/10/30-10:56:05.359777 6dd0 	kCustomCompressionB9 supported: 0
2025/10/30-10:56:05.359784 6dd0 	kCustomCompressionBA supported: 0
2025/10/30-10:56:05.359790 6dd0 	kCustomCompressionBB supported: 0
2025/10/30-10:56:05.359796 6dd0 	kCustomCompressionBC supported: 0
2025/10/30-10:56:05.359802 6dd0 	kCustomCompressionBD supported: 0
2025/10/30-10:56:05.359807 6dd0 	kCustomCompressionBE supported: 0
2025/10/30-10:56:05.359813 6dd0 	kCustomCompressionBF supported: 0
2025/10/30-10:56:05.359819 6dd0 	kCustomCompressionC0 supported: 0
2025/10/30-10:56:05.359824 6dd0 	kCustomCompressionC1 supported: 0
2025/10/30-10:56:05.359831 6dd0 	kCustomCompressionC2 supported: 0
2025/10/30-10:56:05.359837 6dd0 	kCustomCompressionC3 supported: 0
2025/10/30-10:56:05.359843 6dd0 	kCustomCompressionC4 supported: 0
2025/10/30-10:56:05.359851 6dd0 	kCustomCompressionC5 supported: 0
2025/10/30-10:56:05.359857 6dd0 	kCustomCompressionC6 supported: 0
2025/10/30-10:56:05.359863 6dd0 	kCustomCompressionC7 supported: 0
2025/10/30-10:56:05.359869 6dd0 	kCustomCompressionC8 supported: 0
2025/10/30-10:56:05.359874 6dd0 	kCustomCompressionC9 supported: 0
2025/10/30-10:56:05.359881 6dd0 	kCustomCompressionCA supported: 0
2025/10/30-10:56:05.359887 6dd0 	kCustomCompressionCB supported: 0
2025/10/30-10:56:05.359893 6dd0 	kCustomCompressionCC supported: 0
2025/10/30-10:56:05.359899 6dd0 	kCustomCompressionCD supported: 0
2025/10/30-10:56:05.359905 6dd0 	kCustomCompressionCE supported: 0
2025/10/30-10:56:05.359911 6dd0 	kCustomCompressionCF supported: 0
2025/10/30-10:56:05.359916 6dd0 	kCustomCompressionD0 supported: 0
2025/10/30-10:56:05.359922 6dd0 	kCustomCompressionD1 supported: 0
2025/10/30-10:56:05.359928 6dd0 	kCustomCompressionD2 supported: 0
2025/10/30-10:56:05.359934 6dd0 	kCustomCompressionD3 supported: 0
2025/10/30-10:56:05.359940 6dd0 	kCustomCompressionD4 supported: 0
2025/10/30-10:56:05.359946 6dd0 	kCustomCompressionD5 supported: 0
2025/10/30-10:56:05.359952 6dd0 	kCustomCompressionD6 supported: 0
2025/10/30-10:56:05.359958 6dd0 	kCustomCompressionD7 supported: 0
2025/10/30-10:56:05.359963 6dd0 	kCustomCompressionD8 supported: 0
2025/10/30-10:56:05.359969 6dd0 	kCustomCompressionD9 supported: 0
2025/10/30-10:56:05.359975 6dd0 	kCustomCompressionDA supported: 0
2025/10/30-10:56:05.359982 6dd0 	kCustomCompressionDB supported: 0
2025/10/30-10:56:05.359988 6dd0 	kCustomCompressionDC supported: 0
2025/10/30-10:56:05.359993 6dd0 	kCustomCompressionDD supported: 0
2025/10/30-10:56:05.359999 6dd0 	kCustomCompressionDE supported: 0
2025/10/30-10:56:05.360005 6dd0 	kCustomCompressionDF supported: 0
2025/10/30-10:56:05.360010 6dd0 	kCustomCompressionE0 supported: 0
2025/10/30-10:56:05.360016 6dd0 	kCustomCompressionE1 supported: 0
2025/10/30-10:56:05.360022 6dd0 	kCustomCompressionE2 supported: 0
2025/10/30-10:56:05.360029 6dd0 	kCustomCompressionE3 supported: 0
2025/10/30-10:56:05.360035 6dd0 	kCustomCompressionE4 supported: 0
2025/10/30-10:56:05.360041 6dd0 	kCustomCompressionE5 supported: 0
2025/10/30-10:56:05.360047 6dd0 	kCustomCompressionE6 supported: 0
2025/10/30-10:56:05.360052 6dd0 	kCustomCompressionE7 supported: 0
2025/10/30-10:56:05.360058 6dd0 	kCustomCompressionE8 supported: 0
2025/10/30-10:56:05.360063 6dd0 	kCustomCompressionE9 supported: 0
2025/10/30-10:56:05.360070 6dd0 	kCustomCompressionEA supported: 0
2025/10/30-10:56:05.360076 6dd0 	kCustomCompressionEB supported: 0
2025/10/30-10:56:05.360082 6dd0 	kCustomCompressionEC supported: 0
2025/10/30-10:56:05.360088 6dd0 	kCustomCompressionED supported: 0
2025/10/30-10:56:05.360094 6dd0 	kCustomCompressionEE supported: 0
2025/10/30-10:56:05.360099 6dd0 	kCustomCompressionEF supported: 0
2025/10/30-10:56:05.360105 6dd0 	kCustomCompressionF0 supported: 0
2025/10/30-10:56:05.360110 6dd0 	kCustomCompressionF1 supported: 0
2025/10/30-10:56:05.360117 6dd0 	kCustomCompressionF2 supported: 0
2025/10/30-10:56:05.360123 6dd0 	kCustomCompressionF3 supported: 0
2025/10/30-10:56:05.360129 6dd0 	kCustomCompressionF4 supported: 0
2025/10/30-10:56:05.360134 6dd0 	kCustomCompressionF5 supported: 0
2025/10/30-10:56:05.360140 6dd0 	kCustomCompressionF6 supported: 0
2025/10/30-10:56:05.360145 6dd0 	kCustomCompressionF7 supported: 0
2025/10/30-10:56:05.360151 6dd0 	kCustomCompressionF8 supported: 0
2025/10/30-10:56:05.360157 6dd0 	kCustomCompressionF9 supported: 0
2025/10/30-10:56:05.360163 6dd0 	kCustomCompressionFA supported: 0
2025/10/30-10:56:05.360169 6dd0 	kCustomCompressionFB supported: 0
2025/10/30-10:56:05.360175 6dd0 	kCustomCompressionFC supported: 0
2025/10/30-10:56:05.360181 6dd0 	kCustomCompressionFD supported: 0
2025/10/30-10:56:05.360187 6dd0 	kCustomCompressionFE supported: 0
2025/10/30-10:56:05.360198 6dd0 Fast CRC32 supported: Not supported on x86
2025/10/30-10:56:05.360205 6dd0 DMutex implementation: std::mutex
2025/10/30-10:56:05.360212 6dd0 Jemalloc supported: 0
2025/10/30-10:56:05.361026 6dd0 [db\version_set.cc:6116] Recovering from manifest file: C:\VCC\themis\data\themis_server/MANIFEST-002108
2025/10/30-10:56:05.362268 6dd0 [db\column_family.cc:692] --------------- Options for column family [default]:
2025/10/30-10:56:05.362289 6dd0               Options.comparator: leveldb.BytewiseComparator
2025/10/30-10:56:05.362298 6dd0           Options.merge_operator: None
2025/10/30-10:56:05.362304 6dd0        Options.compaction_filter: None
2025/10/30-10:56:05.362309 6dd0        Options.compaction_filter_factory: None
2025/10/30-10:56:05.362315 6dd0  Options.sst_partitioner_factory: None
2025/10/30-10:56:05.362321 6dd0         Options.memtable_factory: SkipListFactory
2025/10/30-10:56:05.362326 6dd0            Options.table_factory: BlockBasedTable
2025/10/30-10:56:05.362359 6dd0            table_factory options:   flush_block_policy_factory: FlushBlockBySizePolicyFactory (000002C19E655E90)
  cache_index_and_filter_blocks: 1
  cache_index_and_filter_blocks_with_high_priority: 1
  pin_l0_filter_and_index_blocks_in_cache: 1
  pin_top_level_index_and_filter: 1
  index_type: 0
  data_block_index_type: 0
  index_shortening: 1
  data_block_hash_table_util_ratio: 0.750000
  checksum: 4
  no_block_cache: 0
  block_cache: 000002C19E5D9110
  block_cache_name: LRUCache
  block_cache_options:
    capacity : 1073741824
    num_shard_bits : 6
    strict_capacity_limit : 0
    memory_allocator : None
    high_pri_pool_ratio: 0.500
    low_pri_pool_ratio: 0.000
  persistent_cache: 0000000000000000
  block_size: 4096
  block_size_deviation: 10
  block_restart_interval: 16
  index_block_restart_interval: 1
  metadata_block_size: 4096
  partition_filters: 0
  use_delta_encoding: 1
  filter_policy: bloomfilter
  whole_key_filtering: 1
  verify_compression: 0
  read_amp_bytes_per_bit: 0
  format_version: 6
  enable_index_compression: 1
  block_align: 0
  max_auto_readahead_size: 262144
  prepopulate_block_cache: 0
  initial_auto_readahead_size: 8192
  num_file_reads_for_auto_readahead: 2
2025/10/30-10:56:05.362369 6dd0        Options.write_buffer_size: 268435456
2025/10/30-10:56:05.362376 6dd0  Options.max_write_buffer_number: 3
2025/10/30-10:56:05.362382 6dd0          Options.compression: LZ4
2025/10/30-10:56:05.362388 6dd0                  Options.bottommost_compression: ZSTD
2025/10/30-10:56:05.362394 6dd0       Options.prefix_extractor: nullptr
2025/10/30-10:56:05.362400 6dd0   Options.memtable_insert_with_hint_prefix_extractor: nullptr
2025/10/30-10:56:05.362406 6dd0             Options.num_levels: 7
2025/10/30-10:56:05.362411 6dd0        Options.min_write_buffer_number_to_merge: 1
2025/10/30-10:56:05.362417 6dd0     Options.max_write_buffer_size_to_maintain: 805306368
2025/10/30-10:56:05.362423 6dd0            Options.bottommost_compression_opts.window_bits: -14
2025/10/30-10:56:05.362429 6dd0                  Options.bottommost_compression_opts.level: 32767
2025/10/30-10:56:05.362435 6dd0               Options.bottommost_compression_opts.strategy: 0
2025/10/30-10:56:05.362442 6dd0         Options.bottommost_compression_opts.max_dict_bytes: 0
2025/10/30-10:56:05.362448 6dd0         Options.bottommost_compression_opts.zstd_max_train_bytes: 0
2025/10/30-10:56:05.362454 6dd0         Options.bottommost_compression_opts.parallel_threads: 1
2025/10/30-10:56:05.362459 6dd0                  Options.bottommost_compression_opts.enabled: false
2025/10/30-10:56:05.362465 6dd0         Options.bottommost_compression_opts.max_dict_buffer_bytes: 0
2025/10/30-10:56:05.362471 6dd0         Options.bottommost_compression_opts.use_zstd_dict_trainer: true
2025/10/30-10:56:05.362476 6dd0            Options.compression_opts.window_bits: -14
2025/10/30-10:56:05.362483 6dd0                  Options.compression_opts.level: 32767
2025/10/30-10:56:05.362489 6dd0               Options.compression_opts.strategy: 0
2025/10/30-10:56:05.362495 6dd0         Options.compression_opts.max_dict_bytes: 0
2025/10/30-10:56:05.362500 6dd0         Options.compression_opts.zstd_max_train_bytes: 0
2025/10/30-10:56:05.362506 6dd0         Options.compression_opts.use_zstd_dict_trainer: true
2025/10/30-10:56:05.362514 6dd0         Options.compression_opts.parallel_threads: 1
2025/10/30-10:56:05.362521 6dd0                  Options.compression_opts.enabled: false
2025/10/30-10:56:05.362527 6dd0         Options.compression_opts.max_dict_buffer_bytes: 0
2025/10/30-10:56:05.362533 6dd0      Options.level0_file_num_compaction_trigger: 4
2025/10/30-10:56:05.362540 6dd0          Options.level0_slowdown_writes_trigger: 20
2025/10/30-10:56:05.362546 6dd0              Options.level0_stop_writes_trigger: 36
2025/10/30-10:56:05.362552 6dd0                   Options.target_file_size_base: 67108864
2025/10/30-10:56:05.362558 6dd0             Options.target_file_size_multiplier: 1
2025/10/30-10:56:05.362563 6dd0                Options.max_bytes_for_level_base: 268435456
2025/10/30-10:56:05.362569 6dd0 Options.level_compaction_dynamic_level_bytes: 1
2025/10/30-10:56:05.362574 6dd0          Options.max_bytes_for_level_multiplier: 10.000000
2025/10/30-10:56:05.362582 6dd0 Options.max_bytes_for_level_multiplier_addtl[0]: 1
2025/10/30-10:56:05.362588 6dd0 Options.max_bytes_for_level_multiplier_addtl[1]: 1
2025/10/30-10:56:05.362594 6dd0 Options.max_bytes_for_level_multiplier_addtl[2]: 1
2025/10/30-10:56:05.362600 6dd0 Options.max_bytes_for_level_multiplier_addtl[3]: 1
2025/10/30-10:56:05.362606 6dd0 Options.max_bytes_for_level_multiplier_addtl[4]: 1
2025/10/30-10:56:05.362611 6dd0 Options.max_bytes_for_level_multiplier_addtl[5]: 1
2025/10/30-10:56:05.362617 6dd0 Options.max_bytes_for_level_multiplier_addtl[6]: 1
2025/10/30-10:56:05.362622 6dd0       Options.max_sequential_skip_in_iterations: 8
2025/10/30-10:56:05.362629 6dd0          Options.memtable_op_scan_flush_trigger: 0
2025/10/30-10:56:05.362635 6dd0      Options.memtable_avg_op_scan_flush_trigger: 0
2025/10/30-10:56:05.362641 6dd0                    Options.max_compaction_bytes: 1677721600
2025/10/30-10:56:05.362664 6dd0                        Options.arena_block_size: 1048576
2025/10/30-10:56:05.362671 6dd0   Options.soft_pending_compaction_bytes_limit: 68719476736
2025/10/30-10:56:05.362676 6dd0   Options.hard_pending_compaction_bytes_limit: 274877906944
2025/10/30-10:56:05.362683 6dd0                Options.disable_auto_compactions: 1
2025/10/30-10:56:05.362690 6dd0                        Options.compaction_style: kCompactionStyleLevel
2025/10/30-10:56:05.362697 6dd0                          Options.compaction_pri: kMinOverlappingRatio
2025/10/30-10:56:05.362703 6dd0 Options.compaction_options_universal.size_ratio: 1
2025/10/30-10:56:05.362708 6dd0 Options.compaction_options_universal.min_merge_width: 2
2025/10/30-10:56:05.362714 6dd0 Options.compaction_options_universal.max_merge_width: 4294967295
2025/10/30-10:56:05.362720 6dd0 Options.compaction_options_universal.max_size_amplification_percent: 200
2025/10/30-10:56:05.362725 6dd0 Options.compaction_options_universal.compression_size_percent: -1
2025/10/30-10:56:05.362732 6dd0 Options.compaction_options_universal.stop_style: kCompactionStopStyleTotalSize
2025/10/30-10:56:05.362739 6dd0 Options.compaction_options_universal.max_read_amp: -1
2025/10/30-10:56:05.362745 6dd0 Options.compaction_options_universal.reduce_file_locking: 0
2025/10/30-10:56:05.362751 6dd0 Options.compaction_options_fifo.max_table_files_size: 1073741824
2025/10/30-10:56:05.362757 6dd0 Options.compaction_options_fifo.allow_compaction: 0
2025/10/30-10:56:05.362765 6dd0                   Options.table_properties_collectors: 
2025/10/30-10:56:05.362771 6dd0                   Options.inplace_update_support: 0
2025/10/30-10:56:05.362776 6dd0                 Options.inplace_update_num_locks: 10000
2025/10/30-10:56:05.362783 6dd0               Options.memtable_prefix_bloom_size_ratio: 0.000000
2025/10/30-10:56:05.362789 6dd0               Options.memtable_whole_key_filtering: 0
2025/10/30-10:56:05.362795 6dd0   Options.memtable_huge_page_size: 0
2025/10/30-10:56:05.362801 6dd0                           Options.bloom_locality: 0
2025/10/30-10:56:05.362807 6dd0                    Options.max_successive_merges: 0
2025/10/30-10:56:05.362841 6dd0             Options.strict_max_successive_merges: 0
2025/10/30-10:56:05.362850 6dd0                Options.optimize_filters_for_hits: 0
2025/10/30-10:56:05.362857 6dd0                Options.paranoid_file_checks: 0
2025/10/30-10:56:05.362863 6dd0                Options.force_consistency_checks: 1
2025/10/30-10:56:05.362870 6dd0                Options.report_bg_io_stats: 0
2025/10/30-10:56:05.362875 6dd0                Options.disallow_memtable_writes: 0
2025/10/30-10:56:05.362881 6dd0                               Options.ttl: 2592000
2025/10/30-10:56:05.362887 6dd0          Options.periodic_compaction_seconds: 0
2025/10/30-10:56:05.362893 6dd0                        Options.default_temperature: kUnknown
2025/10/30-10:56:05.362898 6dd0  Options.preclude_last_level_data_seconds: 0
2025/10/30-10:56:05.362905 6dd0    Options.preserve_internal_time_seconds: 0
2025/10/30-10:56:05.362911 6dd0                       Options.enable_blob_files: false
2025/10/30-10:56:05.362917 6dd0                           Options.min_blob_size: 0
2025/10/30-10:56:05.362923 6dd0                          Options.blob_file_size: 268435456
2025/10/30-10:56:05.362929 6dd0                   Options.blob_compression_type: NoCompression
2025/10/30-10:56:05.362934 6dd0          Options.enable_blob_garbage_collection: false
2025/10/30-10:56:05.362940 6dd0      Options.blob_garbage_collection_age_cutoff: 0.250000
2025/10/30-10:56:05.362946 6dd0 Options.blob_garbage_collection_force_threshold: 1.000000
2025/10/30-10:56:05.362953 6dd0          Options.blob_compaction_readahead_size: 0
2025/10/30-10:56:05.362960 6dd0                Options.blob_file_starting_level: 0
2025/10/30-10:56:05.362966 6dd0         Options.experimental_mempurge_threshold: 0.000000
2025/10/30-10:56:05.362972 6dd0            Options.memtable_max_range_deletions: 0
2025/10/30-10:56:05.365193 6dd0 [db\version_set.cc:6174] Recovered from manifest file:C:\VCC\themis\data\themis_server/MANIFEST-002108 succeeded,manifest_file_number is 2108, next_file_number is 2110, last_sequence is 129, log_number is 2101,prev_log_number is 0,max_column_family is 0,min_log_number_to_keep is 0
2025/10/30-10:56:05.365220 6dd0 [db\version_set.cc:6183] Column family [default] (ID 0), log number is 2101
2025/10/30-10:56:05.365527 6dd0 [db\db_impl\db_impl_open.cc:692] DB ID: 91529813-b413-11f0-8e09-b42e99fe92b3
2025/10/30-10:56:05.367036 6dd0 EVENT_LOG_v1 {"time_micros": 1761818165366932, "job": 1, "event": "recovery_started", "wal_files": [4, 10, 16, 22, 28, 34, 40, 46, 52, 58, 64, 70, 76, 82, 88, 94, 100, 106, 113, 120, 126, 133, 139, 145, 151, 157, 163, 169, 175, 181, 187, 193, 200, 208, 214, 221, 229, 235, 241, 247, 253, 259, 265, 271, 277, 283, 290, 297, 306, 313, 320, 326, 332, 338, 344, 350, 356, 362, 368, 374, 381, 388, 397, 404, 411, 417, 423, 429, 435, 441, 447, 453, 459, 465, 472, 482, 491, 498, 504, 510, 516, 522, 528, 534, 540, 546, 552, 558, 565, 572, 578, 585, 592, 598, 604, 610, 616, 622, 628, 634, 640, 646, 653, 663, 669, 676, 683, 689, 695, 701, 707, 713, 719, 725, 731, 737, 744, 751, 759, 766, 773, 779, 785, 791, 797, 803, 809, 815, 821, 827, 834, 844, 852, 859, 865, 871, 877, 883, 889, 895, 901, 907, 913, 919, 926, 933, 939, 946, 953, 959, 965, 971, 977, 983, 989, 995, 1001, 1007, 1014, 1023, 1029, 1036, 1043, 1049, 1055, 1061, 1067, 1073, 1079, 1085, 1091, 1097, 1104, 1111, 1119, 1126, 1133, 1139, 1145, 1151, 1157, 1163, 1169, 1175, 1181, 1187, 1193, 1200, 1209, 1217, 1224, 1230, 1236, 1242, 1248, 1254, 1260, 1266, 1272, 1278, 1284, 1291, 1298, 1304, 1311, 1318, 1324, 1330, 1336, 1342, 1348, 1354, 1360, 1366, 1372, 1379, 1388, 1394, 1401, 1408, 1414, 1420, 1426, 1432, 1438, 1444, 1450, 1456, 1462, 1469, 1476, 1484, 1491, 1498, 1504, 1510, 1516, 1523, 1532, 1538, 1544, 1550, 1556, 1562, 1568, 1574, 1580, 1586, 1592, 1598, 1604, 1610, 1616, 1622, 1628, 1634, 1640, 1646, 1652, 1658, 1664, 1670, 1676, 1683, 1690, 1696, 1703, 1711, 1717, 1723, 1729, 1735, 1741, 1747, 1753, 1759, 1765, 1771, 1778, 1785, 1791, 1798, 1804, 1810, 1816, 1822, 1828, 1834, 1840, 1846, 1852, 1858, 1864, 1870, 1876, 1882, 1888, 1894, 1900, 1906, 1912, 1919, 1929, 1935, 1942, 1948, 1954, 1960, 1966, 1972, 1978, 1984, 1991, 1997, 2003, 2009, 2015, 2021, 2027, 2034, 2043, 2051, 2058, 2064, 2070, 2076, 2082, 2088, 2094, 2100, 2107]}
2025/10/30-10:56:05.367058 6dd0 [db\db_impl\db_impl_open.cc:1379] Recovering log #4 mode 2
2025/10/30-10:56:05.367197 6dd0 [db\db_impl\db_impl_open.cc:1353] Recovered to log #4 next seq #72057594037927935
2025/10/30-10:56:05.367284 6dd0 [db\db_impl\db_impl_open.cc:1379] Recovering log #10 mode 2
2025/10/30-10:56:05.367351 6dd0 [db\db_impl\db_impl_open.cc:1353] Recovered to log #10 next seq #72057594037927935
2025/10/30-10:56:05.367411 6dd0 [db\db_impl\db_impl_open.cc:1379] Recovering log #16 mode 2
2025/10/30-10:56:05.367474 6dd0 [db\db_impl\db_impl_open.cc:1353] Recovered to log #16 next seq #72057594037927935
2025/10/30-10:56:05.367534 6dd0 [db\db_impl\db_impl_open.cc:1379] Recovering log #22 mode 2
2025/10/30-10:56:05.367596 6dd0 [db\db_impl\db_impl_open.cc:1353] Recovered to log #22 next seq #72057594037927935
2025/10/30-10:56:05.367655 6dd0 [db\db_impl\db_impl_open.cc:1379] Recovering log #28 mode 2
2025/10/30-10:56:05.367718 6dd0 [db\db_impl\db_impl_open.cc:1353] Recovered to log #28 next seq #72057594037927935
2025/10/30-10:56:05.367776 6dd0 [db\db_impl\db_impl_open.cc:1379] Recovering log #34 mode 2
2025/10/30-10:56:05.367837 6dd0 [db\db_impl\db_impl_open.cc:1353] Recovered to log #34 next seq #72057594037927935
2025/10/30-10:56:05.367896 6dd0 [db\db_impl\db_impl_open.cc:1379] Recovering log #40 mode 2
2025/10/30-10:56:05.367956 6dd0 [db\db_impl\db_impl_open.cc:1353] Recovered to log #40 next seq #72057594037927935
2025/10/30-10:56:05.368014 6dd0 [db\db_impl\db_impl_open.cc:1379] Recovering log #46 mode 2
2025/10/30-10:56:05.368075 6dd0 [db\db_impl\db_impl_open.cc:1353] Recovered to log #46 next seq #72057594037927935
2025/10/30-10:56:05.368134 6dd0 [db\db_impl\db_impl_open.cc:1379] Recovering log #52 mode 2
2025/10/30-10:56:05.368213 6dd0 [db\db_impl\db_impl_open.cc:1353] Recovered to log #52 next seq #72057594037927935
2025/10/30-10:56:05.368288 6dd0 [db\db_impl\db_impl_open.cc:1379] Recovering log #58 mode 2
2025/10/30-10:56:05.368348 6dd0 [db\db_impl\db_impl_open.cc:1353] Recovered to log #58 next seq #72057594037927935
2025/10/30-10:56:05.368406 6dd0 [db\db_impl\db_impl_open.cc:1379] Recovering log #64 mode 2
2025/10/30-10:56:05.368467 6dd0 [db\db_impl\db_impl_open.cc:1353] Recovered to log #64 next seq #72057594037927935
2025/10/30-10:56:05.368525 6dd0 [db\db_impl\db_impl_open.cc:1379] Recovering log #70 mode 2
2025/10/30-10:56:05.368585 6dd0 [db\db_impl\db_impl_open.cc:1353] Recovered to log #70 next seq #72057594037927935
2025/10/30-10:56:05.368642 6dd0 [db\db_impl\db_impl_open.cc:1379] Recovering log #76 mode 2
2025/10/30-10:56:05.368707 6dd0 [db\db_impl\db_impl_open.cc:1353] Recovered to log #76 next seq #72057594037927935
2025/10/30-10:56:05.368766 6dd0 [db\db_impl\db_impl_open.cc:1379] Recovering log #82 mode 2
