2025/10/29-21:00:51.471390 3c84 RocksDB version: 10.4.2
2025/10/29-21:00:51.471478 3c84 Git sha 0
2025/10/29-21:00:51.471511 3c84 Compile date 2025-10-27 15:09:02
2025/10/29-21:00:51.471536 3c84 DB SUMMARY
2025/10/29-21:00:51.471559 3c84 Host name (Env):  DESKTOP-712S8LO
2025/10/29-21:00:51.471580 3c84 DB Session ID:  LMY8J96C6XXCF1WY3ZI0
2025/10/29-21:00:51.479844 3c84 CURRENT file:  CURRENT
2025/10/29-21:00:51.479875 3c84 IDENTITY file:  IDENTITY
2025/10/29-21:00:51.479941 3c84 MANIFEST file:  MANIFEST-001433 size: 581 Bytes
2025/10/29-21:00:51.479964 3c84 SST files in C:\VCC\themis\data\themis_server dir, Total Num: 4, files: 001214.sst 001297.sst 001384.sst 001387.sst 
2025/10/29-21:00:51.479989 3c84 Write Ahead Log file in C:\VCC\themis\data\themis_server: 000004.log size: 0 ; 000010.log size: 0 ; 000016.log size: 0 ; 000022.log size: 0 ; 000028.log size: 0 ; 000034.log size: 0 ; 000040.log size: 0 ; 000046.log size: 0 ; 000052.log size: 0 ; 000058.log size: 0 ; 000064.log size: 0 ; 000070.log size: 0 ; 000076.log size: 0 ; 000082.log size: 0 ; 000088.log size: 0 ; 000094.log size: 0 ; 000100.log size: 0 ; 000106.log size: 42 ; 000113.log size: 90 ; 000120.log size: 0 ; 000126.log size: 86 ; 000133.log size: 0 ; 000139.log size: 0 ; 000145.log size: 0 ; 000151.log size: 0 ; 000157.log size: 0 ; 000163.log size: 0 ; 000169.log size: 0 ; 000175.log size: 0 ; 000181.log size: 0 ; 000187.log size: 0 ; 000193.log size: 42 ; 000200.log size: 90 ; 000208.log size: 0 ; 000214.log size: 86 ; 000221.log size: 0 ; 000229.log size: 0 ; 000235.log size: 0 ; 000241.log size: 0 ; 000247.log size: 0 ; 000253.log size: 0 ; 000259.log size: 0 ; 000265.log size: 0 ; 000271.log size: 0 ; 000277.log size: 0 ; 000283.log size: 42 ; 000290.log size: 90 ; 000297.log size: 0 ; 000306.log size: 86 ; 000313.log size: 0 ; 000320.log size: 0 ; 000326.log size: 0 ; 000332.log size: 0 ; 000338.log size: 0 ; 000344.log size: 0 ; 000350.log size: 0 ; 000356.log size: 0 ; 000362.log size: 0 ; 000368.log size: 0 ; 000374.log size: 42 ; 000381.log size: 90 ; 000388.log size: 0 ; 000397.log size: 86 ; 000404.log size: 0 ; 000411.log size: 0 ; 000417.log size: 0 ; 000423.log size: 0 ; 000429.log size: 0 ; 000435.log size: 0 ; 000441.log size: 0 ; 000447.log size: 0 ; 000453.log size: 0 ; 000459.log size: 0 ; 000465.log size: 42 ; 000472.log size: 90 ; 000482.log size: 0 ; 000491.log size: 86 ; 000498.log size: 0 ; 000504.log size: 0 ; 000510.log size: 0 ; 000516.log size: 0 ; 000522.log size: 0 ; 000528.log size: 0 ; 000534.log size: 0 ; 000540.log size: 0 ; 000546.log size: 0 ; 000552.log size: 0 ; 000558.log size: 42 ; 000565.log size: 90 ; 000572.log size: 0 ; 000578.log size: 86 ; 000585.log size: 0 ; 000592.log size: 0 ; 000598.log size: 0 ; 000604.log size: 0 ; 000610.log size: 0 ; 000616.log size: 0 ; 000622.log size: 0 ; 000628.log size: 0 ; 000634.log size: 0 ; 000640.log size: 0 ; 000646.log size: 42 ; 000653.log size: 90 ; 000663.log size: 0 ; 000669.log size: 86 ; 000676.log size: 0 ; 000683.log size: 0 ; 000689.log size: 0 ; 000695.log size: 0 ; 000701.log size: 0 ; 000707.log size: 0 ; 000713.log size: 0 ; 000719.log size: 0 ; 000725.log size: 0 ; 000731.log size: 0 ; 000737.log size: 42 ; 000744.log size: 90 ; 000751.log size: 0 ; 000759.log size: 86 ; 000766.log size: 0 ; 000773.log size: 0 ; 000779.log size: 0 ; 000785.log size: 0 ; 000791.log size: 0 ; 000797.log size: 0 ; 000803.log size: 0 ; 000809.log size: 0 ; 000815.log size: 0 ; 000821.log size: 0 ; 000827.log size: 42 ; 000834.log size: 90 ; 000844.log size: 0 ; 000852.log size: 86 ; 000859.log size: 0 ; 000865.log size: 0 ; 000871.log size: 0 ; 000877.log size: 0 ; 000883.log size: 0 ; 000889.log size: 0 ; 000895.log size: 0 ; 000901.log size: 0 ; 000907.log size: 0 ; 000913.log size: 0 ; 000919.log size: 42 ; 000926.log size: 90 ; 000933.log size: 0 ; 000939.log size: 86 ; 000946.log size: 0 ; 000953.log size: 0 ; 000959.log size: 0 ; 000965.log size: 0 ; 000971.log size: 0 ; 000977.log size: 0 ; 000983.log size: 0 ; 000989.log size: 0 ; 000995.log size: 0 ; 001001.log size: 0 ; 001007.log size: 42 ; 001014.log size: 90 ; 001023.log size: 0 ; 001029.log size: 86 ; 001036.log size: 0 ; 001043.log size: 0 ; 001049.log size: 0 ; 001055.log size: 0 ; 001061.log size: 0 ; 001067.log size: 0 ; 001073.log size: 0 ; 001079.log size: 0 ; 001085.log size: 0 ; 001091.log size: 0 ; 001097.log size: 42 ; 001104.log size: 90 ; 001111.log size: 0 ; 001119.log size: 86 ; 001126.log size: 0 ; 001133.log size: 0 ; 001139.log size: 0 ; 001145.log size: 0 ; 001151.log size: 0 ; 001157.log size: 0 ; 001163.log size: 0 ; 001169.log size: 0 ; 001175.log size: 0 ; 001181.log size: 0 ; 001187.log size: 0 ; 001193.log size: 42 ; 001200.log size: 90 ; 001209.log size: 0 ; 001217.log size: 86 ; 001224.log size: 0 ; 001230.log size: 0 ; 001236.log size: 0 ; 001242.log size: 0 ; 001248.log size: 0 ; 001254.log size: 0 ; 001260.log size: 0 ; 001266.log size: 0 ; 001272.log size: 0 ; 001278.log size: 0 ; 001284.log size: 42 ; 001291.log size: 90 ; 001298.log size: 0 ; 001304.log size: 86 ; 001311.log size: 0 ; 001318.log size: 0 ; 001324.log size: 0 ; 001330.log size: 0 ; 001336.log size: 0 ; 001342.log size: 0 ; 001348.log size: 0 ; 001354.log size: 0 ; 001360.log size: 0 ; 001366.log size: 0 ; 001372.log size: 42 ; 001379.log size: 90 ; 001388.log size: 0 ; 001394.log size: 86 ; 001401.log size: 0 ; 001408.log size: 0 ; 001414.log size: 0 ; 001420.log size: 0 ; 001426.log size: 0 ; 001432.log size: 0 ; 
2025/10/29-21:00:51.481813 3c84                         Options.error_if_exists: 0
2025/10/29-21:00:51.481828 3c84                       Options.create_if_missing: 1
2025/10/29-21:00:51.481835 3c84                         Options.paranoid_checks: 1
2025/10/29-21:00:51.481841 3c84             Options.flush_verify_memtable_count: 1
2025/10/29-21:00:51.481847 3c84          Options.compaction_verify_record_count: 1
2025/10/29-21:00:51.481854 3c84                               Options.track_and_verify_wals_in_manifest: 0
2025/10/29-21:00:51.481860 3c84                               Options.track_and_verify_wals: 0
2025/10/29-21:00:51.481866 3c84        Options.verify_sst_unique_id_in_manifest: 1
2025/10/29-21:00:51.481871 3c84                                     Options.env: 00000295F85F3F00
2025/10/29-21:00:51.481878 3c84                                      Options.fs: WinFS
2025/10/29-21:00:51.481884 3c84                                Options.info_log: 00000295F863ECE0
2025/10/29-21:00:51.481890 3c84                Options.max_file_opening_threads: 16
2025/10/29-21:00:51.481896 3c84                              Options.statistics: 00000295F868F5F0
2025/10/29-21:00:51.481903 3c84                              Options.statistics stats level: 1
2025/10/29-21:00:51.481909 3c84                               Options.use_fsync: 0
2025/10/29-21:00:51.481915 3c84                       Options.max_log_file_size: 0
2025/10/29-21:00:51.481921 3c84                  Options.max_manifest_file_size: 1073741824
2025/10/29-21:00:51.481927 3c84                   Options.log_file_time_to_roll: 0
2025/10/29-21:00:51.481933 3c84                       Options.keep_log_file_num: 1000
2025/10/29-21:00:51.481939 3c84                    Options.recycle_log_file_num: 0
2025/10/29-21:00:51.481946 3c84                         Options.allow_fallocate: 1
2025/10/29-21:00:51.481952 3c84                        Options.allow_mmap_reads: 0
2025/10/29-21:00:51.481958 3c84                       Options.allow_mmap_writes: 0
2025/10/29-21:00:51.481964 3c84                        Options.use_direct_reads: 0
2025/10/29-21:00:51.481970 3c84                        Options.use_direct_io_for_flush_and_compaction: 0
2025/10/29-21:00:51.481976 3c84          Options.create_missing_column_families: 0
2025/10/29-21:00:51.481982 3c84                              Options.db_log_dir: 
2025/10/29-21:00:51.481988 3c84                                 Options.wal_dir: 
2025/10/29-21:00:51.481995 3c84                Options.table_cache_numshardbits: 6
2025/10/29-21:00:51.482001 3c84                         Options.WAL_ttl_seconds: 0
2025/10/29-21:00:51.482007 3c84                       Options.WAL_size_limit_MB: 0
2025/10/29-21:00:51.482036 3c84                        Options.max_write_batch_group_size_bytes: 1048576
2025/10/29-21:00:51.482045 3c84             Options.manifest_preallocation_size: 4194304
2025/10/29-21:00:51.482051 3c84                     Options.is_fd_close_on_exec: 1
2025/10/29-21:00:51.482057 3c84                   Options.advise_random_on_open: 1
2025/10/29-21:00:51.482063 3c84                    Options.db_write_buffer_size: 0
2025/10/29-21:00:51.482069 3c84                    Options.write_buffer_manager: 00000295F85F3FF0
2025/10/29-21:00:51.482076 3c84                      Options.use_adaptive_mutex: 0
2025/10/29-21:00:51.482082 3c84                            Options.rate_limiter: 0000000000000000
2025/10/29-21:00:51.482091 3c84     Options.sst_file_manager.rate_bytes_per_sec: 0
2025/10/29-21:00:51.482098 3c84                       Options.wal_recovery_mode: 2
2025/10/29-21:00:51.482104 3c84                  Options.enable_thread_tracking: 0
2025/10/29-21:00:51.482110 3c84                  Options.enable_pipelined_write: 0
2025/10/29-21:00:51.482117 3c84                  Options.unordered_write: 0
2025/10/29-21:00:51.482123 3c84         Options.allow_concurrent_memtable_write: 1
2025/10/29-21:00:51.482129 3c84      Options.enable_write_thread_adaptive_yield: 1
2025/10/29-21:00:51.482134 3c84             Options.write_thread_max_yield_usec: 100
2025/10/29-21:00:51.482140 3c84            Options.write_thread_slow_yield_usec: 3
2025/10/29-21:00:51.482146 3c84                               Options.row_cache: None
2025/10/29-21:00:51.482152 3c84                              Options.wal_filter: None
2025/10/29-21:00:51.482158 3c84             Options.avoid_flush_during_recovery: 0
2025/10/29-21:00:51.482165 3c84             Options.allow_ingest_behind: 0
2025/10/29-21:00:51.482171 3c84             Options.two_write_queues: 0
2025/10/29-21:00:51.482177 3c84             Options.manual_wal_flush: 0
2025/10/29-21:00:51.482184 3c84             Options.wal_compression: 0
2025/10/29-21:00:51.482189 3c84             Options.background_close_inactive_wals: 0
2025/10/29-21:00:51.482195 3c84             Options.atomic_flush: 0
2025/10/29-21:00:51.482201 3c84             Options.avoid_unnecessary_blocking_io: 0
2025/10/29-21:00:51.482207 3c84             Options.prefix_seek_opt_in_only: 0
2025/10/29-21:00:51.482213 3c84                 Options.persist_stats_to_disk: 0
2025/10/29-21:00:51.482220 3c84                 Options.write_dbid_to_manifest: 1
2025/10/29-21:00:51.482226 3c84                 Options.write_identity_file: 1
2025/10/29-21:00:51.482232 3c84                 Options.log_readahead_size: 0
2025/10/29-21:00:51.482238 3c84                 Options.file_checksum_gen_factory: Unknown
2025/10/29-21:00:51.482244 3c84                 Options.best_efforts_recovery: 0
2025/10/29-21:00:51.482250 3c84                Options.max_bgerror_resume_count: 2147483647
2025/10/29-21:00:51.482256 3c84            Options.bgerror_resume_retry_interval: 1000000
2025/10/29-21:00:51.482263 3c84             Options.allow_data_in_errors: 0
2025/10/29-21:00:51.482269 3c84             Options.db_host_id: __hostname__
2025/10/29-21:00:51.482275 3c84             Options.enforce_single_del_contracts: true
2025/10/29-21:00:51.482282 3c84             Options.metadata_write_temperature: kUnknown
2025/10/29-21:00:51.482288 3c84             Options.wal_write_temperature: kUnknown
2025/10/29-21:00:51.482294 3c84             Options.max_background_jobs: 4
2025/10/29-21:00:51.482300 3c84             Options.max_background_compactions: -1
2025/10/29-21:00:51.482306 3c84             Options.max_subcompactions: 1
2025/10/29-21:00:51.482312 3c84             Options.avoid_flush_during_shutdown: 0
2025/10/29-21:00:51.482319 3c84           Options.writable_file_max_buffer_size: 1048576
2025/10/29-21:00:51.482325 3c84             Options.delayed_write_rate : 16777216
2025/10/29-21:00:51.482331 3c84             Options.max_total_wal_size: 0
2025/10/29-21:00:51.482337 3c84             Options.delete_obsolete_files_period_micros: 21600000000
2025/10/29-21:00:51.482344 3c84                   Options.stats_dump_period_sec: 600
2025/10/29-21:00:51.482351 3c84                 Options.stats_persist_period_sec: 600
2025/10/29-21:00:51.482357 3c84                 Options.stats_history_buffer_size: 1048576
2025/10/29-21:00:51.482364 3c84                          Options.max_open_files: -1
2025/10/29-21:00:51.482370 3c84                          Options.bytes_per_sync: 0
2025/10/29-21:00:51.482376 3c84                      Options.wal_bytes_per_sync: 0
2025/10/29-21:00:51.482382 3c84                   Options.strict_bytes_per_sync: 0
2025/10/29-21:00:51.482388 3c84       Options.compaction_readahead_size: 2097152
2025/10/29-21:00:51.482394 3c84                  Options.max_background_flushes: -1
2025/10/29-21:00:51.482400 3c84 Options.daily_offpeak_time_utc: 
2025/10/29-21:00:51.482408 3c84 Compression algorithms supported:
2025/10/29-21:00:51.482415 3c84 	kZSTD supported: 1
2025/10/29-21:00:51.482422 3c84 	kCustomCompressionA3 supported: 0
2025/10/29-21:00:51.482429 3c84 	kSnappyCompression supported: 0
2025/10/29-21:00:51.482435 3c84 	kCustomCompressionA5 supported: 0
2025/10/29-21:00:51.482441 3c84 	kBZip2Compression supported: 0
2025/10/29-21:00:51.482447 3c84 	kZlibCompression supported: 1
2025/10/29-21:00:51.482453 3c84 	kLZ4Compression supported: 1
2025/10/29-21:00:51.482459 3c84 	kXpressCompression supported: 0
2025/10/29-21:00:51.482466 3c84 	kCustomCompressionA7 supported: 0
2025/10/29-21:00:51.482472 3c84 	kLZ4HCCompression supported: 1
2025/10/29-21:00:51.482478 3c84 	kCustomCompressionB2 supported: 0
2025/10/29-21:00:51.482484 3c84 	kCustomCompression9C supported: 0
2025/10/29-21:00:51.482490 3c84 	kCustomCompression80 supported: 0
2025/10/29-21:00:51.482496 3c84 	kCustomCompressionB3 supported: 0
2025/10/29-21:00:51.482501 3c84 	kCustomCompression9B supported: 0
2025/10/29-21:00:51.482508 3c84 	kCustomCompression81 supported: 0
2025/10/29-21:00:51.482514 3c84 	kCustomCompressionB0 supported: 0
2025/10/29-21:00:51.482521 3c84 	kCustomCompression9A supported: 0
2025/10/29-21:00:51.482527 3c84 	kCustomCompression82 supported: 0
2025/10/29-21:00:51.482532 3c84 	kCustomCompressionB1 supported: 0
2025/10/29-21:00:51.482538 3c84 	kCustomCompression83 supported: 0
2025/10/29-21:00:51.482544 3c84 	kCustomCompressionB6 supported: 0
2025/10/29-21:00:51.482550 3c84 	kCustomCompression84 supported: 0
2025/10/29-21:00:51.482557 3c84 	kCustomCompressionB7 supported: 0
2025/10/29-21:00:51.482563 3c84 	kCustomCompression9F supported: 0
2025/10/29-21:00:51.482569 3c84 	kCustomCompression85 supported: 0
2025/10/29-21:00:51.482575 3c84 	kCustomCompressionB4 supported: 0
2025/10/29-21:00:51.482581 3c84 	kCustomCompression9E supported: 0
2025/10/29-21:00:51.482586 3c84 	kCustomCompression86 supported: 0
2025/10/29-21:00:51.482592 3c84 	kCustomCompressionB5 supported: 0
2025/10/29-21:00:51.482598 3c84 	kCustomCompression9D supported: 0
2025/10/29-21:00:51.482605 3c84 	kCustomCompression87 supported: 0
2025/10/29-21:00:51.482611 3c84 	kCustomCompression88 supported: 0
2025/10/29-21:00:51.482618 3c84 	kCustomCompression89 supported: 0
2025/10/29-21:00:51.482624 3c84 	kCustomCompression92 supported: 0
2025/10/29-21:00:51.482630 3c84 	kCustomCompression8A supported: 0
2025/10/29-21:00:51.482635 3c84 	kCustomCompression91 supported: 0
2025/10/29-21:00:51.482641 3c84 	kCustomCompression8B supported: 0
2025/10/29-21:00:51.482647 3c84 	kCustomCompression90 supported: 0
2025/10/29-21:00:51.482653 3c84 	kCustomCompression8C supported: 0
2025/10/29-21:00:51.482660 3c84 	kCustomCompression97 supported: 0
2025/10/29-21:00:51.482666 3c84 	kCustomCompression8D supported: 0
2025/10/29-21:00:51.482672 3c84 	kCustomCompression96 supported: 0
2025/10/29-21:00:51.482678 3c84 	kCustomCompression8E supported: 0
2025/10/29-21:00:51.482684 3c84 	kCustomCompression95 supported: 0
2025/10/29-21:00:51.482689 3c84 	kCustomCompression8F supported: 0
2025/10/29-21:00:51.482695 3c84 	kCustomCompression93 supported: 0
2025/10/29-21:00:51.482702 3c84 	kCustomCompression94 supported: 0
2025/10/29-21:00:51.482708 3c84 	kCustomCompression98 supported: 0
2025/10/29-21:00:51.482735 3c84 	kCustomCompression99 supported: 0
2025/10/29-21:00:51.482743 3c84 	kCustomCompressionA0 supported: 0
2025/10/29-21:00:51.482749 3c84 	kCustomCompressionA1 supported: 0
2025/10/29-21:00:51.482755 3c84 	kCustomCompressionA2 supported: 0
2025/10/29-21:00:51.482761 3c84 	kCustomCompressionA4 supported: 0
2025/10/29-21:00:51.482767 3c84 	kCustomCompressionA6 supported: 0
2025/10/29-21:00:51.482773 3c84 	kCustomCompressionA8 supported: 0
2025/10/29-21:00:51.482780 3c84 	kCustomCompressionA9 supported: 0
2025/10/29-21:00:51.482786 3c84 	kCustomCompressionAA supported: 0
2025/10/29-21:00:51.482792 3c84 	kCustomCompressionAB supported: 0
2025/10/29-21:00:51.482798 3c84 	kCustomCompressionAC supported: 0
2025/10/29-21:00:51.482803 3c84 	kCustomCompressionAD supported: 0
2025/10/29-21:00:51.482809 3c84 	kCustomCompressionAE supported: 0
2025/10/29-21:00:51.482815 3c84 	kCustomCompressionAF supported: 0
2025/10/29-21:00:51.482821 3c84 	kCustomCompressionB8 supported: 0
2025/10/29-21:00:51.482828 3c84 	kCustomCompressionB9 supported: 0
2025/10/29-21:00:51.482834 3c84 	kCustomCompressionBA supported: 0
2025/10/29-21:00:51.482840 3c84 	kCustomCompressionBB supported: 0
2025/10/29-21:00:51.482846 3c84 	kCustomCompressionBC supported: 0
2025/10/29-21:00:51.482852 3c84 	kCustomCompressionBD supported: 0
2025/10/29-21:00:51.482857 3c84 	kCustomCompressionBE supported: 0
2025/10/29-21:00:51.482863 3c84 	kCustomCompressionBF supported: 0
2025/10/29-21:00:51.482870 3c84 	kCustomCompressionC0 supported: 0
2025/10/29-21:00:51.482876 3c84 	kCustomCompressionC1 supported: 0
2025/10/29-21:00:51.482882 3c84 	kCustomCompressionC2 supported: 0
2025/10/29-21:00:51.482888 3c84 	kCustomCompressionC3 supported: 0
2025/10/29-21:00:51.482894 3c84 	kCustomCompressionC4 supported: 0
2025/10/29-21:00:51.482899 3c84 	kCustomCompressionC5 supported: 0
2025/10/29-21:00:51.482905 3c84 	kCustomCompressionC6 supported: 0
2025/10/29-21:00:51.482911 3c84 	kCustomCompressionC7 supported: 0
2025/10/29-21:00:51.482917 3c84 	kCustomCompressionC8 supported: 0
2025/10/29-21:00:51.482924 3c84 	kCustomCompressionC9 supported: 0
2025/10/29-21:00:51.482930 3c84 	kCustomCompressionCA supported: 0
2025/10/29-21:00:51.482937 3c84 	kCustomCompressionCB supported: 0
2025/10/29-21:00:51.482942 3c84 	kCustomCompressionCC supported: 0
2025/10/29-21:00:51.482948 3c84 	kCustomCompressionCD supported: 0
2025/10/29-21:00:51.482954 3c84 	kCustomCompressionCE supported: 0
2025/10/29-21:00:51.482959 3c84 	kCustomCompressionCF supported: 0
2025/10/29-21:00:51.482966 3c84 	kCustomCompressionD0 supported: 0
2025/10/29-21:00:51.482972 3c84 	kCustomCompressionD1 supported: 0
2025/10/29-21:00:51.482979 3c84 	kCustomCompressionD2 supported: 0
2025/10/29-21:00:51.482984 3c84 	kCustomCompressionD3 supported: 0
2025/10/29-21:00:51.482990 3c84 	kCustomCompressionD4 supported: 0
2025/10/29-21:00:51.482996 3c84 	kCustomCompressionD5 supported: 0
2025/10/29-21:00:51.483002 3c84 	kCustomCompressionD6 supported: 0
2025/10/29-21:00:51.483008 3c84 	kCustomCompressionD7 supported: 0
2025/10/29-21:00:51.483014 3c84 	kCustomCompressionD8 supported: 0
2025/10/29-21:00:51.483020 3c84 	kCustomCompressionD9 supported: 0
2025/10/29-21:00:51.483026 3c84 	kCustomCompressionDA supported: 0
2025/10/29-21:00:51.483032 3c84 	kCustomCompressionDB supported: 0
2025/10/29-21:00:51.483038 3c84 	kCustomCompressionDC supported: 0
2025/10/29-21:00:51.483043 3c84 	kCustomCompressionDD supported: 0
2025/10/29-21:00:51.483049 3c84 	kCustomCompressionDE supported: 0
2025/10/29-21:00:51.483055 3c84 	kCustomCompressionDF supported: 0
2025/10/29-21:00:51.483061 3c84 	kCustomCompressionE0 supported: 0
2025/10/29-21:00:51.483068 3c84 	kCustomCompressionE1 supported: 0
2025/10/29-21:00:51.483074 3c84 	kCustomCompressionE2 supported: 0
2025/10/29-21:00:51.483080 3c84 	kCustomCompressionE3 supported: 0
2025/10/29-21:00:51.483086 3c84 	kCustomCompressionE4 supported: 0
2025/10/29-21:00:51.483091 3c84 	kCustomCompressionE5 supported: 0
2025/10/29-21:00:51.483097 3c84 	kCustomCompressionE6 supported: 0
2025/10/29-21:00:51.483104 3c84 	kCustomCompressionE7 supported: 0
2025/10/29-21:00:51.483112 3c84 	kCustomCompressionE8 supported: 0
2025/10/29-21:00:51.483118 3c84 	kCustomCompressionE9 supported: 0
2025/10/29-21:00:51.483125 3c84 	kCustomCompressionEA supported: 0
2025/10/29-21:00:51.483130 3c84 	kCustomCompressionEB supported: 0
2025/10/29-21:00:51.483136 3c84 	kCustomCompressionEC supported: 0
2025/10/29-21:00:51.483142 3c84 	kCustomCompressionED supported: 0
2025/10/29-21:00:51.483148 3c84 	kCustomCompressionEE supported: 0
2025/10/29-21:00:51.483153 3c84 	kCustomCompressionEF supported: 0
2025/10/29-21:00:51.483160 3c84 	kCustomCompressionF0 supported: 0
2025/10/29-21:00:51.483166 3c84 	kCustomCompressionF1 supported: 0
2025/10/29-21:00:51.483172 3c84 	kCustomCompressionF2 supported: 0
2025/10/29-21:00:51.483178 3c84 	kCustomCompressionF3 supported: 0
2025/10/29-21:00:51.483183 3c84 	kCustomCompressionF4 supported: 0
2025/10/29-21:00:51.483189 3c84 	kCustomCompressionF5 supported: 0
2025/10/29-21:00:51.483195 3c84 	kCustomCompressionF6 supported: 0
2025/10/29-21:00:51.483201 3c84 	kCustomCompressionF7 supported: 0
2025/10/29-21:00:51.483207 3c84 	kCustomCompressionF8 supported: 0
2025/10/29-21:00:51.483214 3c84 	kCustomCompressionF9 supported: 0
2025/10/29-21:00:51.483220 3c84 	kCustomCompressionFA supported: 0
2025/10/29-21:00:51.483226 3c84 	kCustomCompressionFB supported: 0
2025/10/29-21:00:51.483232 3c84 	kCustomCompressionFC supported: 0
2025/10/29-21:00:51.483238 3c84 	kCustomCompressionFD supported: 0
2025/10/29-21:00:51.483244 3c84 	kCustomCompressionFE supported: 0
2025/10/29-21:00:51.483253 3c84 Fast CRC32 supported: Not supported on x86
2025/10/29-21:00:51.483260 3c84 DMutex implementation: std::mutex
2025/10/29-21:00:51.483267 3c84 Jemalloc supported: 0
2025/10/29-21:00:51.483967 3c84 [db\version_set.cc:6116] Recovering from manifest file: C:\VCC\themis\data\themis_server/MANIFEST-001433
2025/10/29-21:00:51.485169 3c84 [db\column_family.cc:692] --------------- Options for column family [default]:
2025/10/29-21:00:51.485188 3c84               Options.comparator: leveldb.BytewiseComparator
2025/10/29-21:00:51.485196 3c84           Options.merge_operator: None
2025/10/29-21:00:51.485203 3c84        Options.compaction_filter: None
2025/10/29-21:00:51.485209 3c84        Options.compaction_filter_factory: None
2025/10/29-21:00:51.485215 3c84  Options.sst_partitioner_factory: None
2025/10/29-21:00:51.485221 3c84         Options.memtable_factory: SkipListFactory
2025/10/29-21:00:51.485227 3c84            Options.table_factory: BlockBasedTable
2025/10/29-21:00:51.485263 3c84            table_factory options:   flush_block_policy_factory: FlushBlockBySizePolicyFactory (00000295F86894F0)
  cache_index_and_filter_blocks: 1
  cache_index_and_filter_blocks_with_high_priority: 1
  pin_l0_filter_and_index_blocks_in_cache: 1
  pin_top_level_index_and_filter: 1
  index_type: 0
  data_block_index_type: 0
  index_shortening: 1
  data_block_hash_table_util_ratio: 0.750000
  checksum: 4
  no_block_cache: 0
  block_cache: 00000295F868B3F0
  block_cache_name: LRUCache
  block_cache_options:
    capacity : 1073741824
    num_shard_bits : 6
    strict_capacity_limit : 0
    memory_allocator : None
    high_pri_pool_ratio: 0.500
    low_pri_pool_ratio: 0.000
  persistent_cache: 0000000000000000
  block_size: 4096
  block_size_deviation: 10
  block_restart_interval: 16
  index_block_restart_interval: 1
  metadata_block_size: 4096
  partition_filters: 0
  use_delta_encoding: 1
  filter_policy: bloomfilter
  whole_key_filtering: 1
  verify_compression: 0
  read_amp_bytes_per_bit: 0
  format_version: 6
  enable_index_compression: 1
  block_align: 0
  max_auto_readahead_size: 262144
  prepopulate_block_cache: 0
  initial_auto_readahead_size: 8192
  num_file_reads_for_auto_readahead: 2
2025/10/29-21:00:51.485273 3c84        Options.write_buffer_size: 268435456
2025/10/29-21:00:51.485280 3c84  Options.max_write_buffer_number: 3
2025/10/29-21:00:51.485287 3c84          Options.compression: LZ4
2025/10/29-21:00:51.485296 3c84                  Options.bottommost_compression: ZSTD
2025/10/29-21:00:51.485304 3c84       Options.prefix_extractor: nullptr
2025/10/29-21:00:51.485310 3c84   Options.memtable_insert_with_hint_prefix_extractor: nullptr
2025/10/29-21:00:51.485316 3c84             Options.num_levels: 7
2025/10/29-21:00:51.485323 3c84        Options.min_write_buffer_number_to_merge: 1
2025/10/29-21:00:51.485330 3c84     Options.max_write_buffer_size_to_maintain: 805306368
2025/10/29-21:00:51.485336 3c84            Options.bottommost_compression_opts.window_bits: -14
2025/10/29-21:00:51.485342 3c84                  Options.bottommost_compression_opts.level: 32767
2025/10/29-21:00:51.485348 3c84               Options.bottommost_compression_opts.strategy: 0
2025/10/29-21:00:51.485354 3c84         Options.bottommost_compression_opts.max_dict_bytes: 0
2025/10/29-21:00:51.485360 3c84         Options.bottommost_compression_opts.zstd_max_train_bytes: 0
2025/10/29-21:00:51.485367 3c84         Options.bottommost_compression_opts.parallel_threads: 1
2025/10/29-21:00:51.485373 3c84                  Options.bottommost_compression_opts.enabled: false
2025/10/29-21:00:51.485380 3c84         Options.bottommost_compression_opts.max_dict_buffer_bytes: 0
2025/10/29-21:00:51.485386 3c84         Options.bottommost_compression_opts.use_zstd_dict_trainer: true
2025/10/29-21:00:51.485392 3c84            Options.compression_opts.window_bits: -14
2025/10/29-21:00:51.485398 3c84                  Options.compression_opts.level: 32767
2025/10/29-21:00:51.485404 3c84               Options.compression_opts.strategy: 0
2025/10/29-21:00:51.485410 3c84         Options.compression_opts.max_dict_bytes: 0
2025/10/29-21:00:51.485416 3c84         Options.compression_opts.zstd_max_train_bytes: 0
2025/10/29-21:00:51.485423 3c84         Options.compression_opts.use_zstd_dict_trainer: true
2025/10/29-21:00:51.485430 3c84         Options.compression_opts.parallel_threads: 1
2025/10/29-21:00:51.485436 3c84                  Options.compression_opts.enabled: false
2025/10/29-21:00:51.485443 3c84         Options.compression_opts.max_dict_buffer_bytes: 0
2025/10/29-21:00:51.485449 3c84      Options.level0_file_num_compaction_trigger: 4
2025/10/29-21:00:51.485455 3c84          Options.level0_slowdown_writes_trigger: 20
2025/10/29-21:00:51.485461 3c84              Options.level0_stop_writes_trigger: 36
2025/10/29-21:00:51.485467 3c84                   Options.target_file_size_base: 67108864
2025/10/29-21:00:51.485473 3c84             Options.target_file_size_multiplier: 1
2025/10/29-21:00:51.485480 3c84                Options.max_bytes_for_level_base: 268435456
2025/10/29-21:00:51.485487 3c84 Options.level_compaction_dynamic_level_bytes: 1
2025/10/29-21:00:51.485499 3c84          Options.max_bytes_for_level_multiplier: 10.000000
2025/10/29-21:00:51.485507 3c84 Options.max_bytes_for_level_multiplier_addtl[0]: 1
2025/10/29-21:00:51.485513 3c84 Options.max_bytes_for_level_multiplier_addtl[1]: 1
2025/10/29-21:00:51.485519 3c84 Options.max_bytes_for_level_multiplier_addtl[2]: 1
2025/10/29-21:00:51.485526 3c84 Options.max_bytes_for_level_multiplier_addtl[3]: 1
2025/10/29-21:00:51.485533 3c84 Options.max_bytes_for_level_multiplier_addtl[4]: 1
2025/10/29-21:00:51.485539 3c84 Options.max_bytes_for_level_multiplier_addtl[5]: 1
2025/10/29-21:00:51.485545 3c84 Options.max_bytes_for_level_multiplier_addtl[6]: 1
2025/10/29-21:00:51.485551 3c84       Options.max_sequential_skip_in_iterations: 8
2025/10/29-21:00:51.485557 3c84          Options.memtable_op_scan_flush_trigger: 0
2025/10/29-21:00:51.485563 3c84      Options.memtable_avg_op_scan_flush_trigger: 0
2025/10/29-21:00:51.485568 3c84                    Options.max_compaction_bytes: 1677721600
2025/10/29-21:00:51.485575 3c84                        Options.arena_block_size: 1048576
2025/10/29-21:00:51.485582 3c84   Options.soft_pending_compaction_bytes_limit: 68719476736
2025/10/29-21:00:51.485589 3c84   Options.hard_pending_compaction_bytes_limit: 274877906944
2025/10/29-21:00:51.485595 3c84                Options.disable_auto_compactions: 1
2025/10/29-21:00:51.485604 3c84                        Options.compaction_style: kCompactionStyleLevel
2025/10/29-21:00:51.485614 3c84                          Options.compaction_pri: kMinOverlappingRatio
2025/10/29-21:00:51.485621 3c84 Options.compaction_options_universal.size_ratio: 1
2025/10/29-21:00:51.485628 3c84 Options.compaction_options_universal.min_merge_width: 2
2025/10/29-21:00:51.485635 3c84 Options.compaction_options_universal.max_merge_width: 4294967295
2025/10/29-21:00:51.485641 3c84 Options.compaction_options_universal.max_size_amplification_percent: 200
2025/10/29-21:00:51.485648 3c84 Options.compaction_options_universal.compression_size_percent: -1
2025/10/29-21:00:51.485654 3c84 Options.compaction_options_universal.stop_style: kCompactionStopStyleTotalSize
2025/10/29-21:00:51.485661 3c84 Options.compaction_options_universal.max_read_amp: -1
2025/10/29-21:00:51.485667 3c84 Options.compaction_options_universal.reduce_file_locking: 0
2025/10/29-21:00:51.485673 3c84 Options.compaction_options_fifo.max_table_files_size: 1073741824
2025/10/29-21:00:51.485679 3c84 Options.compaction_options_fifo.allow_compaction: 0
2025/10/29-21:00:51.485689 3c84                   Options.table_properties_collectors: 
2025/10/29-21:00:51.485696 3c84                   Options.inplace_update_support: 0
2025/10/29-21:00:51.485702 3c84                 Options.inplace_update_num_locks: 10000
2025/10/29-21:00:51.485708 3c84               Options.memtable_prefix_bloom_size_ratio: 0.000000
2025/10/29-21:00:51.485714 3c84               Options.memtable_whole_key_filtering: 0
2025/10/29-21:00:51.485720 3c84   Options.memtable_huge_page_size: 0
2025/10/29-21:00:51.485726 3c84                           Options.bloom_locality: 0
2025/10/29-21:00:51.485733 3c84                    Options.max_successive_merges: 0
2025/10/29-21:00:51.485739 3c84             Options.strict_max_successive_merges: 0
2025/10/29-21:00:51.485746 3c84                Options.optimize_filters_for_hits: 0
2025/10/29-21:00:51.485752 3c84                Options.paranoid_file_checks: 0
2025/10/29-21:00:51.485758 3c84                Options.force_consistency_checks: 1
2025/10/29-21:00:51.485764 3c84                Options.report_bg_io_stats: 0
2025/10/29-21:00:51.485770 3c84                Options.disallow_memtable_writes: 0
2025/10/29-21:00:51.485775 3c84                               Options.ttl: 2592000
2025/10/29-21:00:51.485782 3c84          Options.periodic_compaction_seconds: 0
2025/10/29-21:00:51.485789 3c84                        Options.default_temperature: kUnknown
2025/10/29-21:00:51.485795 3c84  Options.preclude_last_level_data_seconds: 0
2025/10/29-21:00:51.485802 3c84    Options.preserve_internal_time_seconds: 0
2025/10/29-21:00:51.485808 3c84                       Options.enable_blob_files: false
2025/10/29-21:00:51.485814 3c84                           Options.min_blob_size: 0
2025/10/29-21:00:51.485820 3c84                          Options.blob_file_size: 268435456
2025/10/29-21:00:51.485826 3c84                   Options.blob_compression_type: NoCompression
2025/10/29-21:00:51.485833 3c84          Options.enable_blob_garbage_collection: false
2025/10/29-21:00:51.485840 3c84      Options.blob_garbage_collection_age_cutoff: 0.250000
2025/10/29-21:00:51.485847 3c84 Options.blob_garbage_collection_force_threshold: 1.000000
2025/10/29-21:00:51.485853 3c84          Options.blob_compaction_readahead_size: 0
2025/10/29-21:00:51.485859 3c84                Options.blob_file_starting_level: 0
2025/10/29-21:00:51.485865 3c84         Options.experimental_mempurge_threshold: 0.000000
2025/10/29-21:00:51.485871 3c84            Options.memtable_max_range_deletions: 0
2025/10/29-21:00:51.487687 3c84 [db\version_set.cc:6174] Recovered from manifest file:C:\VCC\themis\data\themis_server/MANIFEST-001433 succeeded,manifest_file_number is 1433, next_file_number is 1435, last_sequence is 75, log_number is 1427,prev_log_number is 0,max_column_family is 0,min_log_number_to_keep is 0
2025/10/29-21:00:51.487704 3c84 [db\version_set.cc:6183] Column family [default] (ID 0), log number is 1427
2025/10/29-21:00:51.487911 3c84 [db\db_impl\db_impl_open.cc:692] DB ID: 91529813-b413-11f0-8e09-b42e99fe92b3
2025/10/29-21:00:51.488943 3c84 EVENT_LOG_v1 {"time_micros": 1761768051488863, "job": 1, "event": "recovery_started", "wal_files": [4, 10, 16, 22, 28, 34, 40, 46, 52, 58, 64, 70, 76, 82, 88, 94, 100, 106, 113, 120, 126, 133, 139, 145, 151, 157, 163, 169, 175, 181, 187, 193, 200, 208, 214, 221, 229, 235, 241, 247, 253, 259, 265, 271, 277, 283, 290, 297, 306, 313, 320, 326, 332, 338, 344, 350, 356, 362, 368, 374, 381, 388, 397, 404, 411, 417, 423, 429, 435, 441, 447, 453, 459, 465, 472, 482, 491, 498, 504, 510, 516, 522, 528, 534, 540, 546, 552, 558, 565, 572, 578, 585, 592, 598, 604, 610, 616, 622, 628, 634, 640, 646, 653, 663, 669, 676, 683, 689, 695, 701, 707, 713, 719, 725, 731, 737, 744, 751, 759, 766, 773, 779, 785, 791, 797, 803, 809, 815, 821, 827, 834, 844, 852, 859, 865, 871, 877, 883, 889, 895, 901, 907, 913, 919, 926, 933, 939, 946, 953, 959, 965, 971, 977, 983, 989, 995, 1001, 1007, 1014, 1023, 1029, 1036, 1043, 1049, 1055, 1061, 1067, 1073, 1079, 1085, 1091, 1097, 1104, 1111, 1119, 1126, 1133, 1139, 1145, 1151, 1157, 1163, 1169, 1175, 1181, 1187, 1193, 1200, 1209, 1217, 1224, 1230, 1236, 1242, 1248, 1254, 1260, 1266, 1272, 1278, 1284, 1291, 1298, 1304, 1311, 1318, 1324, 1330, 1336, 1342, 1348, 1354, 1360, 1366, 1372, 1379, 1388, 1394, 1401, 1408, 1414, 1420, 1426, 1432]}
2025/10/29-21:00:51.488963 3c84 [db\db_impl\db_impl_open.cc:1379] Recovering log #4 mode 2
2025/10/29-21:00:51.489044 3c84 [db\db_impl\db_impl_open.cc:1353] Recovered to log #4 next seq #72057594037927935
2025/10/29-21:00:51.489119 3c84 [db\db_impl\db_impl_open.cc:1379] Recovering log #10 mode 2
2025/10/29-21:00:51.489185 3c84 [db\db_impl\db_impl_open.cc:1353] Recovered to log #10 next seq #72057594037927935
2025/10/29-21:00:51.489246 3c84 [db\db_impl\db_impl_open.cc:1379] Recovering log #16 mode 2
2025/10/29-21:00:51.489308 3c84 [db\db_impl\db_impl_open.cc:1353] Recovered to log #16 next seq #72057594037927935
2025/10/29-21:00:51.489375 3c84 [db\db_impl\db_impl_open.cc:1379] Recovering log #22 mode 2
2025/10/29-21:00:51.489438 3c84 [db\db_impl\db_impl_open.cc:1353] Recovered to log #22 next seq #72057594037927935
2025/10/29-21:00:51.489496 3c84 [db\db_impl\db_impl_open.cc:1379] Recovering log #28 mode 2
2025/10/29-21:00:51.489557 3c84 [db\db_impl\db_impl_open.cc:1353] Recovered to log #28 next seq #72057594037927935
2025/10/29-21:00:51.489615 3c84 [db\db_impl\db_impl_open.cc:1379] Recovering log #34 mode 2
2025/10/29-21:00:51.489676 3c84 [db\db_impl\db_impl_open.cc:1353] Recovered to log #34 next seq #72057594037927935
2025/10/29-21:00:51.489735 3c84 [db\db_impl\db_impl_open.cc:1379] Recovering log #40 mode 2
2025/10/29-21:00:51.489794 3c84 [db\db_impl\db_impl_open.cc:1353] Recovered to log #40 next seq #72057594037927935
2025/10/29-21:00:51.489853 3c84 [db\db_impl\db_impl_open.cc:1379] Recovering log #46 mode 2
2025/10/29-21:00:51.489912 3c84 [db\db_impl\db_impl_open.cc:1353] Recovered to log #46 next seq #72057594037927935
2025/10/29-21:00:51.489970 3c84 [db\db_impl\db_impl_open.cc:1379] Recovering log #52 mode 2
2025/10/29-21:00:51.490029 3c84 [db\db_impl\db_impl_open.cc:1353] Recovered to log #52 next seq #72057594037927935
2025/10/29-21:00:51.490088 3c84 [db\db_impl\db_impl_open.cc:1379] Recovering log #58 mode 2
2025/10/29-21:00:51.490146 3c84 [db\db_impl\db_impl_open.cc:1353] Recovered to log #58 next seq #72057594037927935
2025/10/29-21:00:51.490204 3c84 [db\db_impl\db_impl_open.cc:1379] Recovering log #64 mode 2
2025/10/29-21:00:51.490264 3c84 [db\db_impl\db_impl_open.cc:1353] Recovered to log #64 next seq #72057594037927935
2025/10/29-21:00:51.490322 3c84 [db\db_impl\db_impl_open.cc:1379] Recovering log #70 mode 2
2025/10/29-21:00:51.490389 3c84 [db\db_impl\db_impl_open.cc:1353] Recovered to log #70 next seq #72057594037927935
2025/10/29-21:00:51.490448 3c84 [db\db_impl\db_impl_open.cc:1379] Recovering log #76 mode 2
2025/10/29-21:00:51.490508 3c84 [db\db_impl\db_impl_open.cc:1353] Recovered to log #76 next seq #72057594037927935
2025/10/29-21:00:51.490569 3c84 [db\db_impl\db_impl_open.cc:1379] Recovering log #82 mode 2
2025/10/29-21:00:51.490630 3c84 [db\db_impl\db_impl_open.cc:1353] Recovered to log #82 next seq #72057594037927935
2025/10/29-21:00:51.490689 3c84 [db\db_impl\db_impl_open.cc:1379] Recovering log #88 mode 2
2025/10/29-21:00:51.490748 3c84 [db\db_impl\db_impl_open.cc:1353] Recovered to log #88 next seq #72057594037927935
2025/10/29-21:00:51.490806 3c84 [db\db_impl\db_impl_open.cc:1379] Recovering log #94 mode 2
2025/10/29-21:00:51.490865 3c84 [db\db_impl\db_impl_open.cc:1353] Recovered to log #94 next seq #72057594037927935
2025/10/29-21:00:51.490923 3c84 [db\db_impl\db_impl_open.cc:1379] Recovering log #100 mode 2
2025/10/29-21:00:51.490982 3c84 [db\db_impl\db_impl_open.cc:1353] Recovered to log #100 next seq #72057594037927935
2025/10/29-21:00:51.491041 3c84 [db\db_impl\db_impl_open.cc:1379] Recovering log #106 mode 2
2025/10/29-21:00:51.491138 3c84 [db\db_impl\db_impl_open.cc:1353] Recovered to log #106 next seq #2
2025/10/29-21:00:51.491197 3c84 [db\db_impl\db_impl_open.cc:1379] Recovering log #113 mode 2
2025/10/29-21:00:51.491281 3c84 [db\db_impl\db_impl_open.cc:1353] Recovered to log #113 next seq #4
2025/10/29-21:00:51.491340 3c84 [db\db_impl\db_impl_open.cc:1379] Recovering log #120 mode 2
2025/10/29-21:00:51.491407 3c84 [db\db_impl\db_impl_open.cc:1353] Recovered to log #120 next seq #4
2025/10/29-21:00:51.491466 3c84 [db\db_impl\db_impl_open.cc:1379] Recovering log #126 mode 2
2025/10/29-21:00:51.491552 3c84 [db\db_impl\db_impl_open.cc:1353] Recovered to log #126 next seq #6
2025/10/29-21:00:51.491611 3c84 [db\db_impl\db_impl_open.cc:1379] Recovering log #133 mode 2
2025/10/29-21:00:51.491672 3c84 [db\db_impl\db_impl_open.cc:1353] Recovered to log #133 next seq #6
2025/10/29-21:00:51.491731 3c84 [db\db_impl\db_impl_open.cc:1379] Recovering log #139 mode 2
2025/10/29-21:00:51.491791 3c84 [db\db_impl\db_impl_open.cc:1353] Recovered to log #139 next seq #6
2025/10/29-21:00:51.491849 3c84 [db\db_impl\db_impl_open.cc:1379] Recovering log #145 mode 2
2025/10/29-21:00:51.491909 3c84 [db\db_impl\db_impl_open.cc:1353] Recovered to log #145 next seq #6
2025/10/29-21:00:51.491968 3c84 [db\db_impl\db_impl_open.cc:1379] Recovering log #151 mode 2
2025/10/29-21:00:51.492028 3c84 [db\db_impl\db_impl_open.cc:1353] Recovered to log #151 next seq #6
2025/10/29-21:00:51.492086 3c84 [db\db_impl\db_impl_open.cc:1379] Recovering log #157 mode 2
2025/10/29-21:00:51.492147 3c84 [db\db_impl\db_impl_open.cc:1353] Recovered to log #157 next seq #6
2025/10/29-21:00:51.492205 3c84 [db\db_impl\db_impl_open.cc:1379] Recovering log #163 mode 2
2025/10/29-21:00:51.492265 3c84 [db\db_impl\db_impl_open.cc:1353] Recovered to log #163 next seq #6
2025/10/29-21:00:51.492323 3c84 [db\db_impl\db_impl_open.cc:1379] Recovering log #169 mode 2
2025/10/29-21:00:51.492382 3c84 [db\db_impl\db_impl_open.cc:1353] Recovered to log #169 next seq #6
2025/10/29-21:00:51.492440 3c84 [db\db_impl\db_impl_open.cc:1379] Recovering log #175 mode 2
