2025/10/30-00:12:48.291489 75a0 RocksDB version: 10.4.2
2025/10/30-00:12:48.291580 75a0 Git sha 0
2025/10/30-00:12:48.291614 75a0 Compile date 2025-10-27 15:09:02
2025/10/30-00:12:48.291639 75a0 DB SUMMARY
2025/10/30-00:12:48.291661 75a0 Host name (Env):  DESKTOP-712S8LO
2025/10/30-00:12:48.291686 75a0 DB Session ID:  HQIDMBG4R6NXIYEUNK6H
2025/10/30-00:12:48.302323 75a0 CURRENT file:  CURRENT
2025/10/30-00:12:48.302365 75a0 IDENTITY file:  IDENTITY
2025/10/30-00:12:48.302430 75a0 MANIFEST file:  MANIFEST-001704 size: 791 Bytes
2025/10/30-00:12:48.302452 75a0 SST files in C:\VCC\themis\data\themis_server dir, Total Num: 1, files: 001708.sst 
2025/10/30-00:12:48.302482 75a0 Write Ahead Log file in C:\VCC\themis\data\themis_server: 000004.log size: 0 ; 000010.log size: 0 ; 000016.log size: 0 ; 000022.log size: 0 ; 000028.log size: 0 ; 000034.log size: 0 ; 000040.log size: 0 ; 000046.log size: 0 ; 000052.log size: 0 ; 000058.log size: 0 ; 000064.log size: 0 ; 000070.log size: 0 ; 000076.log size: 0 ; 000082.log size: 0 ; 000088.log size: 0 ; 000094.log size: 0 ; 000100.log size: 0 ; 000106.log size: 42 ; 000113.log size: 90 ; 000120.log size: 0 ; 000126.log size: 86 ; 000133.log size: 0 ; 000139.log size: 0 ; 000145.log size: 0 ; 000151.log size: 0 ; 000157.log size: 0 ; 000163.log size: 0 ; 000169.log size: 0 ; 000175.log size: 0 ; 000181.log size: 0 ; 000187.log size: 0 ; 000193.log size: 42 ; 000200.log size: 90 ; 000208.log size: 0 ; 000214.log size: 86 ; 000221.log size: 0 ; 000229.log size: 0 ; 000235.log size: 0 ; 000241.log size: 0 ; 000247.log size: 0 ; 000253.log size: 0 ; 000259.log size: 0 ; 000265.log size: 0 ; 000271.log size: 0 ; 000277.log size: 0 ; 000283.log size: 42 ; 000290.log size: 90 ; 000297.log size: 0 ; 000306.log size: 86 ; 000313.log size: 0 ; 000320.log size: 0 ; 000326.log size: 0 ; 000332.log size: 0 ; 000338.log size: 0 ; 000344.log size: 0 ; 000350.log size: 0 ; 000356.log size: 0 ; 000362.log size: 0 ; 000368.log size: 0 ; 000374.log size: 42 ; 000381.log size: 90 ; 000388.log size: 0 ; 000397.log size: 86 ; 000404.log size: 0 ; 000411.log size: 0 ; 000417.log size: 0 ; 000423.log size: 0 ; 000429.log size: 0 ; 000435.log size: 0 ; 000441.log size: 0 ; 000447.log size: 0 ; 000453.log size: 0 ; 000459.log size: 0 ; 000465.log size: 42 ; 000472.log size: 90 ; 000482.log size: 0 ; 000491.log size: 86 ; 000498.log size: 0 ; 000504.log size: 0 ; 000510.log size: 0 ; 000516.log size: 0 ; 000522.log size: 0 ; 000528.log size: 0 ; 000534.log size: 0 ; 000540.log size: 0 ; 000546.log size: 0 ; 000552.log size: 0 ; 000558.log size: 42 ; 000565.log size: 90 ; 000572.log size: 0 ; 000578.log size: 86 ; 000585.log size: 0 ; 000592.log size: 0 ; 000598.log size: 0 ; 000604.log size: 0 ; 000610.log size: 0 ; 000616.log size: 0 ; 000622.log size: 0 ; 000628.log size: 0 ; 000634.log size: 0 ; 000640.log size: 0 ; 000646.log size: 42 ; 000653.log size: 90 ; 000663.log size: 0 ; 000669.log size: 86 ; 000676.log size: 0 ; 000683.log size: 0 ; 000689.log size: 0 ; 000695.log size: 0 ; 000701.log size: 0 ; 000707.log size: 0 ; 000713.log size: 0 ; 000719.log size: 0 ; 000725.log size: 0 ; 000731.log size: 0 ; 000737.log size: 42 ; 000744.log size: 90 ; 000751.log size: 0 ; 000759.log size: 86 ; 000766.log size: 0 ; 000773.log size: 0 ; 000779.log size: 0 ; 000785.log size: 0 ; 000791.log size: 0 ; 000797.log size: 0 ; 000803.log size: 0 ; 000809.log size: 0 ; 000815.log size: 0 ; 000821.log size: 0 ; 000827.log size: 42 ; 000834.log size: 90 ; 000844.log size: 0 ; 000852.log size: 86 ; 000859.log size: 0 ; 000865.log size: 0 ; 000871.log size: 0 ; 000877.log size: 0 ; 000883.log size: 0 ; 000889.log size: 0 ; 000895.log size: 0 ; 000901.log size: 0 ; 000907.log size: 0 ; 000913.log size: 0 ; 000919.log size: 42 ; 000926.log size: 90 ; 000933.log size: 0 ; 000939.log size: 86 ; 000946.log size: 0 ; 000953.log size: 0 ; 000959.log size: 0 ; 000965.log size: 0 ; 000971.log size: 0 ; 000977.log size: 0 ; 000983.log size: 0 ; 000989.log size: 0 ; 000995.log size: 0 ; 001001.log size: 0 ; 001007.log size: 42 ; 001014.log size: 90 ; 001023.log size: 0 ; 001029.log size: 86 ; 001036.log size: 0 ; 001043.log size: 0 ; 001049.log size: 0 ; 001055.log size: 0 ; 001061.log size: 0 ; 001067.log size: 0 ; 001073.log size: 0 ; 001079.log size: 0 ; 001085.log size: 0 ; 001091.log size: 0 ; 001097.log size: 42 ; 001104.log size: 90 ; 001111.log size: 0 ; 001119.log size: 86 ; 001126.log size: 0 ; 001133.log size: 0 ; 001139.log size: 0 ; 001145.log size: 0 ; 001151.log size: 0 ; 001157.log size: 0 ; 001163.log size: 0 ; 001169.log size: 0 ; 001175.log size: 0 ; 001181.log size: 0 ; 001187.log size: 0 ; 001193.log size: 42 ; 001200.log size: 90 ; 001209.log size: 0 ; 001217.log size: 86 ; 001224.log size: 0 ; 001230.log size: 0 ; 001236.log size: 0 ; 001242.log size: 0 ; 001248.log size: 0 ; 001254.log size: 0 ; 001260.log size: 0 ; 001266.log size: 0 ; 001272.log size: 0 ; 001278.log size: 0 ; 001284.log size: 42 ; 001291.log size: 90 ; 001298.log size: 0 ; 001304.log size: 86 ; 001311.log size: 0 ; 001318.log size: 0 ; 001324.log size: 0 ; 001330.log size: 0 ; 001336.log size: 0 ; 001342.log size: 0 ; 001348.log size: 0 ; 001354.log size: 0 ; 001360.log size: 0 ; 001366.log size: 0 ; 001372.log size: 42 ; 001379.log size: 90 ; 001388.log size: 0 ; 001394.log size: 86 ; 001401.log size: 0 ; 001408.log size: 0 ; 001414.log size: 0 ; 001420.log size: 0 ; 001426.log size: 0 ; 001432.log size: 0 ; 001438.log size: 0 ; 001444.log size: 0 ; 001450.log size: 0 ; 001456.log size: 0 ; 001462.log size: 42 ; 001469.log size: 90 ; 001476.log size: 0 ; 001484.log size: 86 ; 001491.log size: 0 ; 001498.log size: 0 ; 001504.log size: 0 ; 001510.log size: 0 ; 001516.log size: 244 ; 001523.log size: 876 ; 001532.log size: 0 ; 001538.log size: 0 ; 001544.log size: 0 ; 001550.log size: 0 ; 001556.log size: 0 ; 001562.log size: 0 ; 001568.log size: 0 ; 001574.log size: 0 ; 001580.log size: 0 ; 001586.log size: 0 ; 001592.log size: 0 ; 001598.log size: 0 ; 001604.log size: 0 ; 001610.log size: 0 ; 001616.log size: 0 ; 001622.log size: 0 ; 001628.log size: 0 ; 001634.log size: 0 ; 001640.log size: 0 ; 001646.log size: 0 ; 001652.log size: 0 ; 001658.log size: 0 ; 001664.log size: 0 ; 001670.log size: 0 ; 001676.log size: 42 ; 001683.log size: 90 ; 001690.log size: 0 ; 001696.log size: 86 ; 001703.log size: 0 ; 
2025/10/30-00:12:48.302622 75a0                         Options.error_if_exists: 0
2025/10/30-00:12:48.302635 75a0                       Options.create_if_missing: 1
2025/10/30-00:12:48.302641 75a0                         Options.paranoid_checks: 1
2025/10/30-00:12:48.302647 75a0             Options.flush_verify_memtable_count: 1
2025/10/30-00:12:48.302653 75a0          Options.compaction_verify_record_count: 1
2025/10/30-00:12:48.302659 75a0                               Options.track_and_verify_wals_in_manifest: 0
2025/10/30-00:12:48.302666 75a0                               Options.track_and_verify_wals: 0
2025/10/30-00:12:48.302672 75a0        Options.verify_sst_unique_id_in_manifest: 1
2025/10/30-00:12:48.302677 75a0                                     Options.env: 0000024AE831C5F0
2025/10/30-00:12:48.302683 75a0                                      Options.fs: WinFS
2025/10/30-00:12:48.302689 75a0                                Options.info_log: 0000024AE83C1D10
2025/10/30-00:12:48.302703 75a0                Options.max_file_opening_threads: 16
2025/10/30-00:12:48.302711 75a0                              Options.statistics: 0000024AE8369F00
2025/10/30-00:12:48.302718 75a0                              Options.statistics stats level: 1
2025/10/30-00:12:48.302724 75a0                               Options.use_fsync: 0
2025/10/30-00:12:48.302730 75a0                       Options.max_log_file_size: 0
2025/10/30-00:12:48.302736 75a0                  Options.max_manifest_file_size: 1073741824
2025/10/30-00:12:48.302742 75a0                   Options.log_file_time_to_roll: 0
2025/10/30-00:12:48.302748 75a0                       Options.keep_log_file_num: 1000
2025/10/30-00:12:48.302754 75a0                    Options.recycle_log_file_num: 0
2025/10/30-00:12:48.302761 75a0                         Options.allow_fallocate: 1
2025/10/30-00:12:48.302790 75a0                        Options.allow_mmap_reads: 0
2025/10/30-00:12:48.302799 75a0                       Options.allow_mmap_writes: 0
2025/10/30-00:12:48.302806 75a0                        Options.use_direct_reads: 0
2025/10/30-00:12:48.302811 75a0                        Options.use_direct_io_for_flush_and_compaction: 0
2025/10/30-00:12:48.302817 75a0          Options.create_missing_column_families: 0
2025/10/30-00:12:48.302823 75a0                              Options.db_log_dir: 
2025/10/30-00:12:48.302829 75a0                                 Options.wal_dir: 
2025/10/30-00:12:48.302835 75a0                Options.table_cache_numshardbits: 6
2025/10/30-00:12:48.302842 75a0                         Options.WAL_ttl_seconds: 0
2025/10/30-00:12:48.302848 75a0                       Options.WAL_size_limit_MB: 0
2025/10/30-00:12:48.302854 75a0                        Options.max_write_batch_group_size_bytes: 1048576
2025/10/30-00:12:48.302860 75a0             Options.manifest_preallocation_size: 4194304
2025/10/30-00:12:48.302866 75a0                     Options.is_fd_close_on_exec: 1
2025/10/30-00:12:48.302871 75a0                   Options.advise_random_on_open: 1
2025/10/30-00:12:48.302877 75a0                    Options.db_write_buffer_size: 0
2025/10/30-00:12:48.302884 75a0                    Options.write_buffer_manager: 0000024AE831C7D0
2025/10/30-00:12:48.302890 75a0                      Options.use_adaptive_mutex: 0
2025/10/30-00:12:48.302897 75a0                            Options.rate_limiter: 0000000000000000
2025/10/30-00:12:48.302903 75a0     Options.sst_file_manager.rate_bytes_per_sec: 0
2025/10/30-00:12:48.302909 75a0                       Options.wal_recovery_mode: 2
2025/10/30-00:12:48.302915 75a0                  Options.enable_thread_tracking: 0
2025/10/30-00:12:48.302920 75a0                  Options.enable_pipelined_write: 0
2025/10/30-00:12:48.302926 75a0                  Options.unordered_write: 0
2025/10/30-00:12:48.302933 75a0         Options.allow_concurrent_memtable_write: 1
2025/10/30-00:12:48.302939 75a0      Options.enable_write_thread_adaptive_yield: 1
2025/10/30-00:12:48.302945 75a0             Options.write_thread_max_yield_usec: 100
2025/10/30-00:12:48.302951 75a0            Options.write_thread_slow_yield_usec: 3
2025/10/30-00:12:48.302957 75a0                               Options.row_cache: None
2025/10/30-00:12:48.302963 75a0                              Options.wal_filter: None
2025/10/30-00:12:48.302969 75a0             Options.avoid_flush_during_recovery: 0
2025/10/30-00:12:48.302974 75a0             Options.allow_ingest_behind: 0
2025/10/30-00:12:48.302981 75a0             Options.two_write_queues: 0
2025/10/30-00:12:48.302988 75a0             Options.manual_wal_flush: 0
2025/10/30-00:12:48.302994 75a0             Options.wal_compression: 0
2025/10/30-00:12:48.303000 75a0             Options.background_close_inactive_wals: 0
2025/10/30-00:12:48.303006 75a0             Options.atomic_flush: 0
2025/10/30-00:12:48.303011 75a0             Options.avoid_unnecessary_blocking_io: 0
2025/10/30-00:12:48.303017 75a0             Options.prefix_seek_opt_in_only: 0
2025/10/30-00:12:48.303023 75a0                 Options.persist_stats_to_disk: 0
2025/10/30-00:12:48.303029 75a0                 Options.write_dbid_to_manifest: 1
2025/10/30-00:12:48.303036 75a0                 Options.write_identity_file: 1
2025/10/30-00:12:48.303042 75a0                 Options.log_readahead_size: 0
2025/10/30-00:12:48.303048 75a0                 Options.file_checksum_gen_factory: Unknown
2025/10/30-00:12:48.303053 75a0                 Options.best_efforts_recovery: 0
2025/10/30-00:12:48.303059 75a0                Options.max_bgerror_resume_count: 2147483647
2025/10/30-00:12:48.303065 75a0            Options.bgerror_resume_retry_interval: 1000000
2025/10/30-00:12:48.303071 75a0             Options.allow_data_in_errors: 0
2025/10/30-00:12:48.303077 75a0             Options.db_host_id: __hostname__
2025/10/30-00:12:48.303084 75a0             Options.enforce_single_del_contracts: true
2025/10/30-00:12:48.303092 75a0             Options.metadata_write_temperature: kUnknown
2025/10/30-00:12:48.303100 75a0             Options.wal_write_temperature: kUnknown
2025/10/30-00:12:48.303106 75a0             Options.max_background_jobs: 4
2025/10/30-00:12:48.303112 75a0             Options.max_background_compactions: -1
2025/10/30-00:12:48.303117 75a0             Options.max_subcompactions: 1
2025/10/30-00:12:48.303123 75a0             Options.avoid_flush_during_shutdown: 0
2025/10/30-00:12:48.303130 75a0           Options.writable_file_max_buffer_size: 1048576
2025/10/30-00:12:48.303136 75a0             Options.delayed_write_rate : 16777216
2025/10/30-00:12:48.303143 75a0             Options.max_total_wal_size: 0
2025/10/30-00:12:48.303149 75a0             Options.delete_obsolete_files_period_micros: 21600000000
2025/10/30-00:12:48.303155 75a0                   Options.stats_dump_period_sec: 600
2025/10/30-00:12:48.303160 75a0                 Options.stats_persist_period_sec: 600
2025/10/30-00:12:48.303166 75a0                 Options.stats_history_buffer_size: 1048576
2025/10/30-00:12:48.303172 75a0                          Options.max_open_files: -1
2025/10/30-00:12:48.303179 75a0                          Options.bytes_per_sync: 0
2025/10/30-00:12:48.303185 75a0                      Options.wal_bytes_per_sync: 0
2025/10/30-00:12:48.303191 75a0                   Options.strict_bytes_per_sync: 0
2025/10/30-00:12:48.303197 75a0       Options.compaction_readahead_size: 2097152
2025/10/30-00:12:48.303203 75a0                  Options.max_background_flushes: -1
2025/10/30-00:12:48.303208 75a0 Options.daily_offpeak_time_utc: 
2025/10/30-00:12:48.303214 75a0 Compression algorithms supported:
2025/10/30-00:12:48.303220 75a0 	kZSTD supported: 1
2025/10/30-00:12:48.303227 75a0 	kCustomCompressionA3 supported: 0
2025/10/30-00:12:48.303234 75a0 	kSnappyCompression supported: 0
2025/10/30-00:12:48.303240 75a0 	kCustomCompressionA5 supported: 0
2025/10/30-00:12:48.303246 75a0 	kBZip2Compression supported: 0
2025/10/30-00:12:48.303252 75a0 	kZlibCompression supported: 1
2025/10/30-00:12:48.303258 75a0 	kLZ4Compression supported: 1
2025/10/30-00:12:48.303264 75a0 	kXpressCompression supported: 0
2025/10/30-00:12:48.303270 75a0 	kCustomCompressionA7 supported: 0
2025/10/30-00:12:48.303276 75a0 	kLZ4HCCompression supported: 1
2025/10/30-00:12:48.303283 75a0 	kCustomCompressionB2 supported: 0
2025/10/30-00:12:48.303289 75a0 	kCustomCompression9C supported: 0
2025/10/30-00:12:48.303295 75a0 	kCustomCompression80 supported: 0
2025/10/30-00:12:48.303301 75a0 	kCustomCompressionB3 supported: 0
2025/10/30-00:12:48.303307 75a0 	kCustomCompression9B supported: 0
2025/10/30-00:12:48.303313 75a0 	kCustomCompression81 supported: 0
2025/10/30-00:12:48.303319 75a0 	kCustomCompressionB0 supported: 0
2025/10/30-00:12:48.303325 75a0 	kCustomCompression9A supported: 0
2025/10/30-00:12:48.303331 75a0 	kCustomCompression82 supported: 0
2025/10/30-00:12:48.303337 75a0 	kCustomCompressionB1 supported: 0
2025/10/30-00:12:48.303343 75a0 	kCustomCompression83 supported: 0
2025/10/30-00:12:48.303349 75a0 	kCustomCompressionB6 supported: 0
2025/10/30-00:12:48.303354 75a0 	kCustomCompression84 supported: 0
2025/10/30-00:12:48.303360 75a0 	kCustomCompressionB7 supported: 0
2025/10/30-00:12:48.303366 75a0 	kCustomCompression9F supported: 0
2025/10/30-00:12:48.303373 75a0 	kCustomCompression85 supported: 0
2025/10/30-00:12:48.303379 75a0 	kCustomCompressionB4 supported: 0
2025/10/30-00:12:48.303385 75a0 	kCustomCompression9E supported: 0
2025/10/30-00:12:48.303391 75a0 	kCustomCompression86 supported: 0
2025/10/30-00:12:48.303397 75a0 	kCustomCompressionB5 supported: 0
2025/10/30-00:12:48.303403 75a0 	kCustomCompression9D supported: 0
2025/10/30-00:12:48.303409 75a0 	kCustomCompression87 supported: 0
2025/10/30-00:12:48.303415 75a0 	kCustomCompression88 supported: 0
2025/10/30-00:12:48.303421 75a0 	kCustomCompression89 supported: 0
2025/10/30-00:12:48.303428 75a0 	kCustomCompression92 supported: 0
2025/10/30-00:12:48.303434 75a0 	kCustomCompression8A supported: 0
2025/10/30-00:12:48.303460 75a0 	kCustomCompression91 supported: 0
2025/10/30-00:12:48.303469 75a0 	kCustomCompression8B supported: 0
2025/10/30-00:12:48.303475 75a0 	kCustomCompression90 supported: 0
2025/10/30-00:12:48.303481 75a0 	kCustomCompression8C supported: 0
2025/10/30-00:12:48.303486 75a0 	kCustomCompression97 supported: 0
2025/10/30-00:12:48.303493 75a0 	kCustomCompression8D supported: 0
2025/10/30-00:12:48.303499 75a0 	kCustomCompression96 supported: 0
2025/10/30-00:12:48.303505 75a0 	kCustomCompression8E supported: 0
2025/10/30-00:12:48.303511 75a0 	kCustomCompression95 supported: 0
2025/10/30-00:12:48.303517 75a0 	kCustomCompression8F supported: 0
2025/10/30-00:12:48.303522 75a0 	kCustomCompression93 supported: 0
2025/10/30-00:12:48.303528 75a0 	kCustomCompression94 supported: 0
2025/10/30-00:12:48.303534 75a0 	kCustomCompression98 supported: 0
2025/10/30-00:12:48.303540 75a0 	kCustomCompression99 supported: 0
2025/10/30-00:12:48.303547 75a0 	kCustomCompressionA0 supported: 0
2025/10/30-00:12:48.303553 75a0 	kCustomCompressionA1 supported: 0
2025/10/30-00:12:48.303559 75a0 	kCustomCompressionA2 supported: 0
2025/10/30-00:12:48.303565 75a0 	kCustomCompressionA4 supported: 0
2025/10/30-00:12:48.303571 75a0 	kCustomCompressionA6 supported: 0
2025/10/30-00:12:48.303576 75a0 	kCustomCompressionA8 supported: 0
2025/10/30-00:12:48.303582 75a0 	kCustomCompressionA9 supported: 0
2025/10/30-00:12:48.303589 75a0 	kCustomCompressionAA supported: 0
2025/10/30-00:12:48.303595 75a0 	kCustomCompressionAB supported: 0
2025/10/30-00:12:48.303602 75a0 	kCustomCompressionAC supported: 0
2025/10/30-00:12:48.303608 75a0 	kCustomCompressionAD supported: 0
2025/10/30-00:12:48.303614 75a0 	kCustomCompressionAE supported: 0
2025/10/30-00:12:48.303619 75a0 	kCustomCompressionAF supported: 0
2025/10/30-00:12:48.303625 75a0 	kCustomCompressionB8 supported: 0
2025/10/30-00:12:48.303631 75a0 	kCustomCompressionB9 supported: 0
2025/10/30-00:12:48.303637 75a0 	kCustomCompressionBA supported: 0
2025/10/30-00:12:48.303644 75a0 	kCustomCompressionBB supported: 0
2025/10/30-00:12:48.303650 75a0 	kCustomCompressionBC supported: 0
2025/10/30-00:12:48.303655 75a0 	kCustomCompressionBD supported: 0
2025/10/30-00:12:48.303661 75a0 	kCustomCompressionBE supported: 0
2025/10/30-00:12:48.303667 75a0 	kCustomCompressionBF supported: 0
2025/10/30-00:12:48.303673 75a0 	kCustomCompressionC0 supported: 0
2025/10/30-00:12:48.303678 75a0 	kCustomCompressionC1 supported: 0
2025/10/30-00:12:48.303685 75a0 	kCustomCompressionC2 supported: 0
2025/10/30-00:12:48.303691 75a0 	kCustomCompressionC3 supported: 0
2025/10/30-00:12:48.303706 75a0 	kCustomCompressionC4 supported: 0
2025/10/30-00:12:48.303713 75a0 	kCustomCompressionC5 supported: 0
2025/10/30-00:12:48.303719 75a0 	kCustomCompressionC6 supported: 0
2025/10/30-00:12:48.303724 75a0 	kCustomCompressionC7 supported: 0
2025/10/30-00:12:48.303730 75a0 	kCustomCompressionC8 supported: 0
2025/10/30-00:12:48.303737 75a0 	kCustomCompressionC9 supported: 0
2025/10/30-00:12:48.303743 75a0 	kCustomCompressionCA supported: 0
2025/10/30-00:12:48.303750 75a0 	kCustomCompressionCB supported: 0
2025/10/30-00:12:48.303756 75a0 	kCustomCompressionCC supported: 0
2025/10/30-00:12:48.303761 75a0 	kCustomCompressionCD supported: 0
2025/10/30-00:12:48.303787 75a0 	kCustomCompressionCE supported: 0
2025/10/30-00:12:48.303797 75a0 	kCustomCompressionCF supported: 0
2025/10/30-00:12:48.303804 75a0 	kCustomCompressionD0 supported: 0
2025/10/30-00:12:48.303811 75a0 	kCustomCompressionD1 supported: 0
2025/10/30-00:12:48.303818 75a0 	kCustomCompressionD2 supported: 0
2025/10/30-00:12:48.303841 75a0 	kCustomCompressionD3 supported: 0
2025/10/30-00:12:48.303847 75a0 	kCustomCompressionD4 supported: 0
2025/10/30-00:12:48.303853 75a0 	kCustomCompressionD5 supported: 0
2025/10/30-00:12:48.303859 75a0 	kCustomCompressionD6 supported: 0
2025/10/30-00:12:48.303864 75a0 	kCustomCompressionD7 supported: 0
2025/10/30-00:12:48.303871 75a0 	kCustomCompressionD8 supported: 0
2025/10/30-00:12:48.303877 75a0 	kCustomCompressionD9 supported: 0
2025/10/30-00:12:48.303885 75a0 	kCustomCompressionDA supported: 0
2025/10/30-00:12:48.303892 75a0 	kCustomCompressionDB supported: 0
2025/10/30-00:12:48.303898 75a0 	kCustomCompressionDC supported: 0
2025/10/30-00:12:48.303904 75a0 	kCustomCompressionDD supported: 0
2025/10/30-00:12:48.303910 75a0 	kCustomCompressionDE supported: 0
2025/10/30-00:12:48.303916 75a0 	kCustomCompressionDF supported: 0
2025/10/30-00:12:48.303922 75a0 	kCustomCompressionE0 supported: 0
2025/10/30-00:12:48.303929 75a0 	kCustomCompressionE1 supported: 0
2025/10/30-00:12:48.303934 75a0 	kCustomCompressionE2 supported: 0
2025/10/30-00:12:48.303941 75a0 	kCustomCompressionE3 supported: 0
2025/10/30-00:12:48.303946 75a0 	kCustomCompressionE4 supported: 0
2025/10/30-00:12:48.303952 75a0 	kCustomCompressionE5 supported: 0
2025/10/30-00:12:48.303958 75a0 	kCustomCompressionE6 supported: 0
2025/10/30-00:12:48.303964 75a0 	kCustomCompressionE7 supported: 0
2025/10/30-00:12:48.303970 75a0 	kCustomCompressionE8 supported: 0
2025/10/30-00:12:48.303977 75a0 	kCustomCompressionE9 supported: 0
2025/10/30-00:12:48.303983 75a0 	kCustomCompressionEA supported: 0
2025/10/30-00:12:48.303990 75a0 	kCustomCompressionEB supported: 0
2025/10/30-00:12:48.303995 75a0 	kCustomCompressionEC supported: 0
2025/10/30-00:12:48.304001 75a0 	kCustomCompressionED supported: 0
2025/10/30-00:12:48.304007 75a0 	kCustomCompressionEE supported: 0
2025/10/30-00:12:48.304013 75a0 	kCustomCompressionEF supported: 0
2025/10/30-00:12:48.304019 75a0 	kCustomCompressionF0 supported: 0
2025/10/30-00:12:48.304026 75a0 	kCustomCompressionF1 supported: 0
2025/10/30-00:12:48.304032 75a0 	kCustomCompressionF2 supported: 0
2025/10/30-00:12:48.304038 75a0 	kCustomCompressionF3 supported: 0
2025/10/30-00:12:48.304044 75a0 	kCustomCompressionF4 supported: 0
2025/10/30-00:12:48.304050 75a0 	kCustomCompressionF5 supported: 0
2025/10/30-00:12:48.304055 75a0 	kCustomCompressionF6 supported: 0
2025/10/30-00:12:48.304061 75a0 	kCustomCompressionF7 supported: 0
2025/10/30-00:12:48.304068 75a0 	kCustomCompressionF8 supported: 0
2025/10/30-00:12:48.304074 75a0 	kCustomCompressionF9 supported: 0
2025/10/30-00:12:48.304080 75a0 	kCustomCompressionFA supported: 0
2025/10/30-00:12:48.304086 75a0 	kCustomCompressionFB supported: 0
2025/10/30-00:12:48.304091 75a0 	kCustomCompressionFC supported: 0
2025/10/30-00:12:48.304097 75a0 	kCustomCompressionFD supported: 0
2025/10/30-00:12:48.304103 75a0 	kCustomCompressionFE supported: 0
2025/10/30-00:12:48.304113 75a0 Fast CRC32 supported: Not supported on x86
2025/10/30-00:12:48.304121 75a0 DMutex implementation: std::mutex
2025/10/30-00:12:48.304128 75a0 Jemalloc supported: 0
2025/10/30-00:12:48.304719 75a0 [db\version_set.cc:6116] Recovering from manifest file: C:\VCC\themis\data\themis_server/MANIFEST-001704
2025/10/30-00:12:48.305813 75a0 [db\column_family.cc:692] --------------- Options for column family [default]:
2025/10/30-00:12:48.305832 75a0               Options.comparator: leveldb.BytewiseComparator
2025/10/30-00:12:48.305841 75a0           Options.merge_operator: None
2025/10/30-00:12:48.305847 75a0        Options.compaction_filter: None
2025/10/30-00:12:48.305853 75a0        Options.compaction_filter_factory: None
2025/10/30-00:12:48.305859 75a0  Options.sst_partitioner_factory: None
2025/10/30-00:12:48.305865 75a0         Options.memtable_factory: SkipListFactory
2025/10/30-00:12:48.305871 75a0            Options.table_factory: BlockBasedTable
2025/10/30-00:12:48.305907 75a0            table_factory options:   flush_block_policy_factory: FlushBlockBySizePolicyFactory (0000024AE83ACB40)
  cache_index_and_filter_blocks: 1
  cache_index_and_filter_blocks_with_high_priority: 1
  pin_l0_filter_and_index_blocks_in_cache: 1
  pin_top_level_index_and_filter: 1
  index_type: 0
  data_block_index_type: 0
  index_shortening: 1
  data_block_hash_table_util_ratio: 0.750000
  checksum: 4
  no_block_cache: 0
  block_cache: 0000024AE8339D90
  block_cache_name: LRUCache
  block_cache_options:
    capacity : 1073741824
    num_shard_bits : 6
    strict_capacity_limit : 0
    memory_allocator : None
    high_pri_pool_ratio: 0.500
    low_pri_pool_ratio: 0.000
  persistent_cache: 0000000000000000
  block_size: 4096
  block_size_deviation: 10
  block_restart_interval: 16
  index_block_restart_interval: 1
  metadata_block_size: 4096
  partition_filters: 0
  use_delta_encoding: 1
  filter_policy: bloomfilter
  whole_key_filtering: 1
  verify_compression: 0
  read_amp_bytes_per_bit: 0
  format_version: 6
  enable_index_compression: 1
  block_align: 0
  max_auto_readahead_size: 262144
  prepopulate_block_cache: 0
  initial_auto_readahead_size: 8192
  num_file_reads_for_auto_readahead: 2
2025/10/30-00:12:48.305919 75a0        Options.write_buffer_size: 268435456
2025/10/30-00:12:48.305928 75a0  Options.max_write_buffer_number: 3
2025/10/30-00:12:48.305935 75a0          Options.compression: LZ4
2025/10/30-00:12:48.305941 75a0                  Options.bottommost_compression: ZSTD
2025/10/30-00:12:48.305947 75a0       Options.prefix_extractor: nullptr
2025/10/30-00:12:48.305953 75a0   Options.memtable_insert_with_hint_prefix_extractor: nullptr
2025/10/30-00:12:48.305959 75a0             Options.num_levels: 7
2025/10/30-00:12:48.305966 75a0        Options.min_write_buffer_number_to_merge: 1
2025/10/30-00:12:48.305972 75a0     Options.max_write_buffer_size_to_maintain: 805306368
2025/10/30-00:12:48.305978 75a0            Options.bottommost_compression_opts.window_bits: -14
2025/10/30-00:12:48.305984 75a0                  Options.bottommost_compression_opts.level: 32767
2025/10/30-00:12:48.306009 75a0               Options.bottommost_compression_opts.strategy: 0
2025/10/30-00:12:48.306015 75a0         Options.bottommost_compression_opts.max_dict_bytes: 0
2025/10/30-00:12:48.306021 75a0         Options.bottommost_compression_opts.zstd_max_train_bytes: 0
2025/10/30-00:12:48.306028 75a0         Options.bottommost_compression_opts.parallel_threads: 1
2025/10/30-00:12:48.306034 75a0                  Options.bottommost_compression_opts.enabled: false
2025/10/30-00:12:48.306041 75a0         Options.bottommost_compression_opts.max_dict_buffer_bytes: 0
2025/10/30-00:12:48.306048 75a0         Options.bottommost_compression_opts.use_zstd_dict_trainer: true
2025/10/30-00:12:48.306054 75a0            Options.compression_opts.window_bits: -14
2025/10/30-00:12:48.306060 75a0                  Options.compression_opts.level: 32767
2025/10/30-00:12:48.306066 75a0               Options.compression_opts.strategy: 0
2025/10/30-00:12:48.306072 75a0         Options.compression_opts.max_dict_bytes: 0
2025/10/30-00:12:48.306079 75a0         Options.compression_opts.zstd_max_train_bytes: 0
2025/10/30-00:12:48.306085 75a0         Options.compression_opts.use_zstd_dict_trainer: true
2025/10/30-00:12:48.306092 75a0         Options.compression_opts.parallel_threads: 1
2025/10/30-00:12:48.306098 75a0                  Options.compression_opts.enabled: false
2025/10/30-00:12:48.306104 75a0         Options.compression_opts.max_dict_buffer_bytes: 0
2025/10/30-00:12:48.306110 75a0      Options.level0_file_num_compaction_trigger: 4
2025/10/30-00:12:48.306116 75a0          Options.level0_slowdown_writes_trigger: 20
2025/10/30-00:12:48.306122 75a0              Options.level0_stop_writes_trigger: 36
2025/10/30-00:12:48.306129 75a0                   Options.target_file_size_base: 67108864
2025/10/30-00:12:48.306135 75a0             Options.target_file_size_multiplier: 1
2025/10/30-00:12:48.306141 75a0                Options.max_bytes_for_level_base: 268435456
2025/10/30-00:12:48.306147 75a0 Options.level_compaction_dynamic_level_bytes: 1
2025/10/30-00:12:48.306153 75a0          Options.max_bytes_for_level_multiplier: 10.000000
2025/10/30-00:12:48.306160 75a0 Options.max_bytes_for_level_multiplier_addtl[0]: 1
2025/10/30-00:12:48.306166 75a0 Options.max_bytes_for_level_multiplier_addtl[1]: 1
2025/10/30-00:12:48.306172 75a0 Options.max_bytes_for_level_multiplier_addtl[2]: 1
2025/10/30-00:12:48.306179 75a0 Options.max_bytes_for_level_multiplier_addtl[3]: 1
2025/10/30-00:12:48.306186 75a0 Options.max_bytes_for_level_multiplier_addtl[4]: 1
2025/10/30-00:12:48.306194 75a0 Options.max_bytes_for_level_multiplier_addtl[5]: 1
2025/10/30-00:12:48.306202 75a0 Options.max_bytes_for_level_multiplier_addtl[6]: 1
2025/10/30-00:12:48.306208 75a0       Options.max_sequential_skip_in_iterations: 8
2025/10/30-00:12:48.306214 75a0          Options.memtable_op_scan_flush_trigger: 0
2025/10/30-00:12:48.306220 75a0      Options.memtable_avg_op_scan_flush_trigger: 0
2025/10/30-00:12:48.306226 75a0                    Options.max_compaction_bytes: 1677721600
2025/10/30-00:12:48.306233 75a0                        Options.arena_block_size: 1048576
2025/10/30-00:12:48.306240 75a0   Options.soft_pending_compaction_bytes_limit: 68719476736
2025/10/30-00:12:48.306246 75a0   Options.hard_pending_compaction_bytes_limit: 274877906944
2025/10/30-00:12:48.306252 75a0                Options.disable_auto_compactions: 1
2025/10/30-00:12:48.306260 75a0                        Options.compaction_style: kCompactionStyleLevel
2025/10/30-00:12:48.306267 75a0                          Options.compaction_pri: kMinOverlappingRatio
2025/10/30-00:12:48.306273 75a0 Options.compaction_options_universal.size_ratio: 1
2025/10/30-00:12:48.306279 75a0 Options.compaction_options_universal.min_merge_width: 2
2025/10/30-00:12:48.306286 75a0 Options.compaction_options_universal.max_merge_width: 4294967295
2025/10/30-00:12:48.306293 75a0 Options.compaction_options_universal.max_size_amplification_percent: 200
2025/10/30-00:12:48.306299 75a0 Options.compaction_options_universal.compression_size_percent: -1
2025/10/30-00:12:48.306306 75a0 Options.compaction_options_universal.stop_style: kCompactionStopStyleTotalSize
2025/10/30-00:12:48.306313 75a0 Options.compaction_options_universal.max_read_amp: -1
2025/10/30-00:12:48.306319 75a0 Options.compaction_options_universal.reduce_file_locking: 0
2025/10/30-00:12:48.306325 75a0 Options.compaction_options_fifo.max_table_files_size: 1073741824
2025/10/30-00:12:48.306331 75a0 Options.compaction_options_fifo.allow_compaction: 0
2025/10/30-00:12:48.306340 75a0                   Options.table_properties_collectors: 
2025/10/30-00:12:48.306348 75a0                   Options.inplace_update_support: 0
2025/10/30-00:12:48.306354 75a0                 Options.inplace_update_num_locks: 10000
2025/10/30-00:12:48.306360 75a0               Options.memtable_prefix_bloom_size_ratio: 0.000000
2025/10/30-00:12:48.306366 75a0               Options.memtable_whole_key_filtering: 0
2025/10/30-00:12:48.306372 75a0   Options.memtable_huge_page_size: 0
2025/10/30-00:12:48.306379 75a0                           Options.bloom_locality: 0
2025/10/30-00:12:48.306403 75a0                    Options.max_successive_merges: 0
2025/10/30-00:12:48.306410 75a0             Options.strict_max_successive_merges: 0
2025/10/30-00:12:48.306417 75a0                Options.optimize_filters_for_hits: 0
2025/10/30-00:12:48.306424 75a0                Options.paranoid_file_checks: 0
2025/10/30-00:12:48.306447 75a0                Options.force_consistency_checks: 1
2025/10/30-00:12:48.306454 75a0                Options.report_bg_io_stats: 0
2025/10/30-00:12:48.306460 75a0                Options.disallow_memtable_writes: 0
2025/10/30-00:12:48.306466 75a0                               Options.ttl: 2592000
2025/10/30-00:12:48.306473 75a0          Options.periodic_compaction_seconds: 0
2025/10/30-00:12:48.306480 75a0                        Options.default_temperature: kUnknown
2025/10/30-00:12:48.306487 75a0  Options.preclude_last_level_data_seconds: 0
2025/10/30-00:12:48.306494 75a0    Options.preserve_internal_time_seconds: 0
2025/10/30-00:12:48.306501 75a0                       Options.enable_blob_files: false
2025/10/30-00:12:48.306508 75a0                           Options.min_blob_size: 0
2025/10/30-00:12:48.306514 75a0                          Options.blob_file_size: 268435456
2025/10/30-00:12:48.306520 75a0                   Options.blob_compression_type: NoCompression
2025/10/30-00:12:48.306527 75a0          Options.enable_blob_garbage_collection: false
2025/10/30-00:12:48.306534 75a0      Options.blob_garbage_collection_age_cutoff: 0.250000
2025/10/30-00:12:48.306615 75a0 Options.blob_garbage_collection_force_threshold: 1.000000
2025/10/30-00:12:48.306627 75a0          Options.blob_compaction_readahead_size: 0
2025/10/30-00:12:48.306634 75a0                Options.blob_file_starting_level: 0
2025/10/30-00:12:48.306640 75a0         Options.experimental_mempurge_threshold: 0.000000
2025/10/30-00:12:48.306647 75a0            Options.memtable_max_range_deletions: 0
2025/10/30-00:12:48.309017 75a0 [db\version_set.cc:6174] Recovered from manifest file:C:\VCC\themis\data\themis_server/MANIFEST-001704 succeeded,manifest_file_number is 1704, next_file_number is 1710, last_sequence is 111, log_number is 1697,prev_log_number is 0,max_column_family is 0,min_log_number_to_keep is 0
2025/10/30-00:12:48.309037 75a0 [db\version_set.cc:6183] Column family [default] (ID 0), log number is 1697
2025/10/30-00:12:48.309245 75a0 [db\db_impl\db_impl_open.cc:692] DB ID: 91529813-b413-11f0-8e09-b42e99fe92b3
2025/10/30-00:12:48.310273 75a0 EVENT_LOG_v1 {"time_micros": 1761779568310187, "job": 1, "event": "recovery_started", "wal_files": [4, 10, 16, 22, 28, 34, 40, 46, 52, 58, 64, 70, 76, 82, 88, 94, 100, 106, 113, 120, 126, 133, 139, 145, 151, 157, 163, 169, 175, 181, 187, 193, 200, 208, 214, 221, 229, 235, 241, 247, 253, 259, 265, 271, 277, 283, 290, 297, 306, 313, 320, 326, 332, 338, 344, 350, 356, 362, 368, 374, 381, 388, 397, 404, 411, 417, 423, 429, 435, 441, 447, 453, 459, 465, 472, 482, 491, 498, 504, 510, 516, 522, 528, 534, 540, 546, 552, 558, 565, 572, 578, 585, 592, 598, 604, 610, 616, 622, 628, 634, 640, 646, 653, 663, 669, 676, 683, 689, 695, 701, 707, 713, 719, 725, 731, 737, 744, 751, 759, 766, 773, 779, 785, 791, 797, 803, 809, 815, 821, 827, 834, 844, 852, 859, 865, 871, 877, 883, 889, 895, 901, 907, 913, 919, 926, 933, 939, 946, 953, 959, 965, 971, 977, 983, 989, 995, 1001, 1007, 1014, 1023, 1029, 1036, 1043, 1049, 1055, 1061, 1067, 1073, 1079, 1085, 1091, 1097, 1104, 1111, 1119, 1126, 1133, 1139, 1145, 1151, 1157, 1163, 1169, 1175, 1181, 1187, 1193, 1200, 1209, 1217, 1224, 1230, 1236, 1242, 1248, 1254, 1260, 1266, 1272, 1278, 1284, 1291, 1298, 1304, 1311, 1318, 1324, 1330, 1336, 1342, 1348, 1354, 1360, 1366, 1372, 1379, 1388, 1394, 1401, 1408, 1414, 1420, 1426, 1432, 1438, 1444, 1450, 1456, 1462, 1469, 1476, 1484, 1491, 1498, 1504, 1510, 1516, 1523, 1532, 1538, 1544, 1550, 1556, 1562, 1568, 1574, 1580, 1586, 1592, 1598, 1604, 1610, 1616, 1622, 1628, 1634, 1640, 1646, 1652, 1658, 1664, 1670, 1676, 1683, 1690, 1696, 1703]}
2025/10/30-00:12:48.310291 75a0 [db\db_impl\db_impl_open.cc:1379] Recovering log #4 mode 2
2025/10/30-00:12:48.310375 75a0 [db\db_impl\db_impl_open.cc:1353] Recovered to log #4 next seq #72057594037927935
2025/10/30-00:12:48.310444 75a0 [db\db_impl\db_impl_open.cc:1379] Recovering log #10 mode 2
2025/10/30-00:12:48.310576 75a0 [db\db_impl\db_impl_open.cc:1353] Recovered to log #10 next seq #72057594037927935
2025/10/30-00:12:48.310655 75a0 [db\db_impl\db_impl_open.cc:1379] Recovering log #16 mode 2
2025/10/30-00:12:48.310719 75a0 [db\db_impl\db_impl_open.cc:1353] Recovered to log #16 next seq #72057594037927935
2025/10/30-00:12:48.310779 75a0 [db\db_impl\db_impl_open.cc:1379] Recovering log #22 mode 2
2025/10/30-00:12:48.310846 75a0 [db\db_impl\db_impl_open.cc:1353] Recovered to log #22 next seq #72057594037927935
2025/10/30-00:12:48.310906 75a0 [db\db_impl\db_impl_open.cc:1379] Recovering log #28 mode 2
2025/10/30-00:12:48.310965 75a0 [db\db_impl\db_impl_open.cc:1353] Recovered to log #28 next seq #72057594037927935
2025/10/30-00:12:48.311025 75a0 [db\db_impl\db_impl_open.cc:1379] Recovering log #34 mode 2
2025/10/30-00:12:48.311085 75a0 [db\db_impl\db_impl_open.cc:1353] Recovered to log #34 next seq #72057594037927935
2025/10/30-00:12:48.311143 75a0 [db\db_impl\db_impl_open.cc:1379] Recovering log #40 mode 2
2025/10/30-00:12:48.311203 75a0 [db\db_impl\db_impl_open.cc:1353] Recovered to log #40 next seq #72057594037927935
2025/10/30-00:12:48.311262 75a0 [db\db_impl\db_impl_open.cc:1379] Recovering log #46 mode 2
2025/10/30-00:12:48.311325 75a0 [db\db_impl\db_impl_open.cc:1353] Recovered to log #46 next seq #72057594037927935
2025/10/30-00:12:48.311385 75a0 [db\db_impl\db_impl_open.cc:1379] Recovering log #52 mode 2
2025/10/30-00:12:48.311446 75a0 [db\db_impl\db_impl_open.cc:1353] Recovered to log #52 next seq #72057594037927935
2025/10/30-00:12:48.311504 75a0 [db\db_impl\db_impl_open.cc:1379] Recovering log #58 mode 2
2025/10/30-00:12:48.311565 75a0 [db\db_impl\db_impl_open.cc:1353] Recovered to log #58 next seq #72057594037927935
2025/10/30-00:12:48.311623 75a0 [db\db_impl\db_impl_open.cc:1379] Recovering log #64 mode 2
2025/10/30-00:12:48.311683 75a0 [db\db_impl\db_impl_open.cc:1353] Recovered to log #64 next seq #72057594037927935
2025/10/30-00:12:48.311742 75a0 [db\db_impl\db_impl_open.cc:1379] Recovering log #70 mode 2
2025/10/30-00:12:48.311801 75a0 [db\db_impl\db_impl_open.cc:1353] Recovered to log #70 next seq #72057594037927935
2025/10/30-00:12:48.311860 75a0 [db\db_impl\db_impl_open.cc:1379] Recovering log #76 mode 2
2025/10/30-00:12:48.311919 75a0 [db\db_impl\db_impl_open.cc:1353] Recovered to log #76 next seq #72057594037927935
2025/10/30-00:12:48.311977 75a0 [db\db_impl\db_impl_open.cc:1379] Recovering log #82 mode 2
2025/10/30-00:12:48.312037 75a0 [db\db_impl\db_impl_open.cc:1353] Recovered to log #82 next seq #72057594037927935
2025/10/30-00:12:48.312096 75a0 [db\db_impl\db_impl_open.cc:1379] Recovering log #88 mode 2
2025/10/30-00:12:48.312154 75a0 [db\db_impl\db_impl_open.cc:1353] Recovered to log #88 next seq #72057594037927935
2025/10/30-00:12:48.312212 75a0 [db\db_impl\db_impl_open.cc:1379] Recovering log #94 mode 2
2025/10/30-00:12:48.312273 75a0 [db\db_impl\db_impl_open.cc:1353] Recovered to log #94 next seq #72057594037927935
2025/10/30-00:12:48.312331 75a0 [db\db_impl\db_impl_open.cc:1379] Recovering log #100 mode 2
2025/10/30-00:12:48.312391 75a0 [db\db_impl\db_impl_open.cc:1353] Recovered to log #100 next seq #72057594037927935
2025/10/30-00:12:48.312449 75a0 [db\db_impl\db_impl_open.cc:1379] Recovering log #106 mode 2
2025/10/30-00:12:48.312562 75a0 [db\db_impl\db_impl_open.cc:1353] Recovered to log #106 next seq #2
2025/10/30-00:12:48.312639 75a0 [db\db_impl\db_impl_open.cc:1379] Recovering log #113 mode 2
2025/10/30-00:12:48.312722 75a0 [db\db_impl\db_impl_open.cc:1353] Recovered to log #113 next seq #4
2025/10/30-00:12:48.312800 75a0 [db\db_impl\db_impl_open.cc:1379] Recovering log #120 mode 2
2025/10/30-00:12:48.312912 75a0 [db\db_impl\db_impl_open.cc:1353] Recovered to log #120 next seq #4
2025/10/30-00:12:48.312985 75a0 [db\db_impl\db_impl_open.cc:1379] Recovering log #126 mode 2
2025/10/30-00:12:48.313081 75a0 [db\db_impl\db_impl_open.cc:1353] Recovered to log #126 next seq #6
2025/10/30-00:12:48.313144 75a0 [db\db_impl\db_impl_open.cc:1379] Recovering log #133 mode 2
2025/10/30-00:12:48.313207 75a0 [db\db_impl\db_impl_open.cc:1353] Recovered to log #133 next seq #6
2025/10/30-00:12:48.313267 75a0 [db\db_impl\db_impl_open.cc:1379] Recovering log #139 mode 2
